ts,v0
2018-07-31T23:45:00-06:00 Denver,133.2867825390625 kBTU
2018-08-01T00:00:00-06:00 Denver,266.573565078125 kBTU
2018-08-01T00:15:00-06:00 Denver,133.2867825390625 kBTU
2018-08-01T00:30:00-06:00 Denver,213.2588520625 kBTU
2018-08-01T00:45:00-06:00 Denver,346.54563460156254 kBTU
2018-08-01T01:00:00-06:00 Denver,213.2588520625 kBTU
2018-08-01T01:15:00-06:00 Denver,159.944139046875 kBTU
2018-08-01T01:30:00-06:00 Denver,239.9162085703125 kBTU
2018-08-01T01:45:00-06:00 Denver,159.944139046875 kBTU
2018-08-01T02:00:00-06:00 Denver,133.2867825390625 kBTU
2018-08-01T02:15:00-06:00 Denver,186.6014955546875 kBTU
2018-08-01T02:30:00-06:00 Denver,133.2867825390625 kBTU
2018-08-01T02:45:00-06:00 Denver,133.2867825390625 kBTU
2018-08-01T03:00:00-06:00 Denver,399.86034761718753 kBTU
2018-08-01T03:15:00-06:00 Denver,293.2309215859375 kBTU
2018-08-01T03:30:00-06:00 Denver,239.9162085703125 kBTU
2018-08-01T03:45:00-06:00 Denver,133.2867825390625 kBTU
2018-08-01T04:00:00-06:00 Denver,133.2867825390625 kBTU
2018-08-01T04:15:00-06:00 Denver,159.944139046875 kBTU
2018-08-01T04:30:00-06:00 Denver,293.2309215859375 kBTU
2018-08-01T04:45:00-06:00 Denver,133.2867825390625 kBTU
2018-08-01T05:00:00-06:00 Denver,133.2867825390625 kBTU
2018-08-01T05:15:00-06:00 Denver,239.9162085703125 kBTU
2018-08-01T05:30:00-06:00 Denver,239.9162085703125 kBTU
2018-08-01T05:45:00-06:00 Denver,293.2309215859375 kBTU
2018-08-01T06:00:00-06:00 Denver,266.573565078125 kBTU
2018-08-01T06:15:00-06:00 Denver,159.944139046875 kBTU
2018-08-01T06:30:00-06:00 Denver,133.2867825390625 kBTU
2018-08-01T06:45:00-06:00 Denver,159.944139046875 kBTU
2018-08-01T07:00:00-06:00 Denver,133.2867825390625 kBTU
2018-08-01T07:15:00-06:00 Denver,213.2588520625 kBTU
2018-08-01T07:30:00-06:00 Denver,7090.856831078125 kBTU
2018-08-01T07:45:00-06:00 Denver,3971.9461196640627 kBTU
2018-08-01T08:00:00-06:00 Denver,2612.420937765625 kBTU
2018-08-01T08:15:00-06:00 Denver,4105.2329022031245 kBTU
2018-08-01T08:30:00-06:00 Denver,3092.25335490625 kBTU
2018-08-01T08:45:00-06:00 Denver,4691.694745375 kBTU
2018-08-01T09:00:00-06:00 Denver,2878.99450284375 kBTU
2018-08-01T09:15:00-06:00 Denver,3598.7431285546877 kBTU
2018-08-01T09:30:00-06:00 Denver,4265.17704125 kBTU
2018-08-01T09:45:00-06:00 Denver,3705.372554585938 kBTU
2018-08-01T10:00:00-06:00 Denver,5411.4433710859375 kBTU
2018-08-01T10:15:00-06:00 Denver,3358.826919984375 kBTU
2018-08-01T10:30:00-06:00 Denver,5598.044866640625 kBTU
2018-08-01T10:45:00-06:00 Denver,3838.659337125 kBTU
2018-08-01T11:00:00-06:00 Denver,5064.897736484375 kBTU
2018-08-01T11:15:00-06:00 Denver,5011.58302346875 kBTU
2018-08-01T11:30:00-06:00 Denver,4105.2329022031245 kBTU
2018-08-01T11:45:00-06:00 Denver,6451.080274890625 kBTU
2018-08-01T12:00:00-06:00 Denver,5384.786014578125 kBTU
2018-08-01T12:15:00-06:00 Denver,5544.730153625001 kBTU
2018-08-01T12:30:00-06:00 Denver,5358.128658070313 kBTU
2018-08-01T12:45:00-06:00 Denver,4558.407962835938 kBTU
2018-08-01T13:00:00-06:00 Denver,7410.745109171876 kBTU
2018-08-01T13:15:00-06:00 Denver,5224.84187553125 kBTU
2018-08-01T13:30:00-06:00 Denver,5891.275788226562 kBTU
2018-08-01T13:45:00-06:00 Denver,6291.136135843751 kBTU
2018-08-01T14:00:00-06:00 Denver,5411.4433710859375 kBTU
2018-08-01T14:15:00-06:00 Denver,6904.255335523438 kBTU
2018-08-01T14:30:00-06:00 Denver,5971.24785775 kBTU
2018-08-01T14:45:00-06:00 Denver,5598.044866640625 kBTU
2018-08-01T15:00:00-06:00 Denver,7597.346604726563 kBTU
2018-08-01T15:15:00-06:00 Denver,5358.128658070313 kBTU
2018-08-01T15:30:00-06:00 Denver,6690.996483460937 kBTU
2018-08-01T15:45:00-06:00 Denver,8077.179021867189 kBTU
2018-08-01T16:00:00-06:00 Denver,5304.813945054687 kBTU
2018-08-01T16:15:00-06:00 Denver,7010.884761554687 kBTU
2018-08-01T16:30:00-06:00 Denver,6957.5700485390635 kBTU
2018-08-01T16:45:00-06:00 Denver,6770.9685529843755 kBTU
2018-08-01T17:00:00-06:00 Denver,7224.143613617188 kBTU
2018-08-01T17:15:00-06:00 Denver,6211.1640663203125 kBTU
2018-08-01T17:30:00-06:00 Denver,10556.31317709375 kBTU
2018-08-01T17:45:00-06:00 Denver,6211.1640663203125 kBTU
2018-08-01T18:00:00-06:00 Denver,5384.786014578125 kBTU
2018-08-01T18:15:00-06:00 Denver,7783.948100281251 kBTU
2018-08-01T18:30:00-06:00 Denver,5358.128658070313 kBTU
2018-08-01T18:45:00-06:00 Denver,6930.91269203125 kBTU
2018-08-01T19:00:00-06:00 Denver,6637.681770445312 kBTU
2018-08-01T19:15:00-06:00 Denver,4771.666814898437 kBTU
2018-08-01T19:30:00-06:00 Denver,6770.9685529843755 kBTU
2018-08-01T19:45:00-06:00 Denver,3891.9740501406254 kBTU
2018-08-01T20:00:00-06:00 Denver,5491.415440609375 kBTU
2018-08-01T20:15:00-06:00 Denver,4638.380032359375 kBTU
2018-08-01T20:30:00-06:00 Denver,479.832417140625 kBTU
2018-08-01T20:45:00-06:00 Denver,346.54563460156254 kBTU
2018-08-01T21:00:00-06:00 Denver,159.944139046875 kBTU
2018-08-01T21:15:00-06:00 Denver,213.2588520625 kBTU
2018-08-01T21:30:00-06:00 Denver,186.6014955546875 kBTU
2018-08-01T21:45:00-06:00 Denver,133.2867825390625 kBTU
2018-08-01T22:00:00-06:00 Denver,213.2588520625 kBTU
2018-08-01T22:15:00-06:00 Denver,213.2588520625 kBTU
2018-08-01T22:30:00-06:00 Denver,133.2867825390625 kBTU
2018-08-01T22:45:00-06:00 Denver,159.944139046875 kBTU
2018-08-01T23:00:00-06:00 Denver,239.9162085703125 kBTU
2018-08-01T23:15:00-06:00 Denver,239.9162085703125 kBTU
2018-08-01T23:30:00-06:00 Denver,346.54563460156254 kBTU
2018-08-01T23:45:00-06:00 Denver,213.2588520625 kBTU
2018-08-02T00:00:00-06:00 Denver,133.2867825390625 kBTU
2018-08-02T00:15:00-06:00 Denver,133.2867825390625 kBTU
2018-08-02T00:30:00-06:00 Denver,159.944139046875 kBTU
2018-08-02T00:45:00-06:00 Denver,159.944139046875 kBTU
2018-08-02T01:00:00-06:00 Denver,266.573565078125 kBTU
2018-08-02T01:15:00-06:00 Denver,133.2867825390625 kBTU
2018-08-02T01:30:00-06:00 Denver,266.573565078125 kBTU
2018-08-02T01:45:00-06:00 Denver,319.88827809375 kBTU
2018-08-02T02:00:00-06:00 Denver,186.6014955546875 kBTU
2018-08-02T02:15:00-06:00 Denver,213.2588520625 kBTU
2018-08-02T02:30:00-06:00 Denver,213.2588520625 kBTU
2018-08-02T02:45:00-06:00 Denver,133.2867825390625 kBTU
2018-08-02T03:00:00-06:00 Denver,133.2867825390625 kBTU
2018-08-02T03:15:00-06:00 Denver,159.944139046875 kBTU
2018-08-02T03:30:00-06:00 Denver,133.2867825390625 kBTU
2018-08-02T03:45:00-06:00 Denver,319.88827809375 kBTU
2018-08-02T04:00:00-06:00 Denver,266.573565078125 kBTU
2018-08-02T04:15:00-06:00 Denver,319.88827809375 kBTU
2018-08-02T04:30:00-06:00 Denver,159.944139046875 kBTU
2018-08-02T04:45:00-06:00 Denver,133.2867825390625 kBTU
2018-08-02T05:00:00-06:00 Denver,133.2867825390625 kBTU
2018-08-02T05:15:00-06:00 Denver,293.2309215859375 kBTU
2018-08-02T05:30:00-06:00 Denver,133.2867825390625 kBTU
2018-08-02T05:45:00-06:00 Denver,133.2867825390625 kBTU
2018-08-02T06:00:00-06:00 Denver,159.944139046875 kBTU
2018-08-02T06:15:00-06:00 Denver,213.2588520625 kBTU
2018-08-02T06:30:00-06:00 Denver,346.54563460156254 kBTU
2018-08-02T06:45:00-06:00 Denver,293.2309215859375 kBTU
2018-08-02T07:00:00-06:00 Denver,186.6014955546875 kBTU
2018-08-02T07:15:00-06:00 Denver,133.2867825390625 kBTU
2018-08-02T07:30:00-06:00 Denver,7010.884761554687 kBTU
2018-08-02T07:45:00-06:00 Denver,4345.149110773437 kBTU
2018-08-02T08:00:00-06:00 Denver,1919.3296685625 kBTU
2018-08-02T08:15:00-06:00 Denver,4691.694745375 kBTU
2018-08-02T08:30:00-06:00 Denver,3092.25335490625 kBTU
2018-08-02T08:45:00-06:00 Denver,3465.456346015625 kBTU
2018-08-02T09:00:00-06:00 Denver,3172.2254244296873 kBTU
2018-08-02T09:15:00-06:00 Denver,4505.093249820313 kBTU
2018-08-02T09:30:00-06:00 Denver,2025.95909459375 kBTU
2018-08-02T09:45:00-06:00 Denver,4425.121180296875 kBTU
2018-08-02T10:00:00-06:00 Denver,2052.6164511015622 kBTU
2018-08-02T10:15:00-06:00 Denver,4425.121180296875 kBTU
2018-08-02T10:30:00-06:00 Denver,2452.47679871875 kBTU
2018-08-02T10:45:00-06:00 Denver,3012.2812853828127 kBTU
2018-08-02T11:00:00-06:00 Denver,2719.050363796875 kBTU
2018-08-02T11:15:00-06:00 Denver,3145.5680679218754 kBTU
2018-08-02T11:30:00-06:00 Denver,3198.8827809375002 kBTU
2018-08-02T11:45:00-06:00 Denver,1919.3296685625 kBTU
2018-08-02T12:00:00-06:00 Denver,4105.2329022031245 kBTU
2018-08-02T12:15:00-06:00 Denver,2079.273807609375 kBTU
2018-08-02T12:30:00-06:00 Denver,3758.6872676015623 kBTU
2018-08-02T12:45:00-06:00 Denver,2692.3930072890626 kBTU
2018-08-02T13:00:00-06:00 Denver,3812.001980617187 kBTU
2018-08-02T13:15:00-06:00 Denver,2878.99450284375 kBTU
2018-08-02T13:30:00-06:00 Denver,4798.32417140625 kBTU
2018-08-02T13:45:00-06:00 Denver,4211.862328234375 kBTU
2018-08-02T14:00:00-06:00 Denver,3785.344624109375 kBTU
2018-08-02T14:15:00-06:00 Denver,4025.260832679687 kBTU
2018-08-02T14:30:00-06:00 Denver,4878.296240929688 kBTU
2018-08-02T14:45:00-06:00 Denver,3838.659337125 kBTU
2018-08-02T15:00:00-06:00 Denver,4371.806467281251 kBTU
2018-08-02T15:15:00-06:00 Denver,3732.02991109375 kBTU
2018-08-02T15:30:00-06:00 Denver,6317.793492351562 kBTU
2018-08-02T15:45:00-06:00 Denver,3492.1137025234375 kBTU
2018-08-02T16:00:00-06:00 Denver,5731.331649179688 kBTU
2018-08-02T16:15:00-06:00 Denver,3012.2812853828127 kBTU
2018-08-02T16:30:00-06:00 Denver,4638.380032359375 kBTU
2018-08-02T16:45:00-06:00 Denver,4291.834397757812 kBTU
2018-08-02T17:00:00-06:00 Denver,5571.387510132813 kBTU
2018-08-02T17:15:00-06:00 Denver,4185.204971726563 kBTU
2018-08-02T17:30:00-06:00 Denver,3998.603476171875 kBTU
2018-08-02T17:45:00-06:00 Denver,3785.344624109375 kBTU
2018-08-02T18:00:00-06:00 Denver,4878.296240929688 kBTU
2018-08-02T18:15:00-06:00 Denver,4398.463823789062 kBTU
2018-08-02T18:30:00-06:00 Denver,2772.3650768125003 kBTU
2018-08-02T18:45:00-06:00 Denver,7757.2907437734375 kBTU
2018-08-02T19:00:00-06:00 Denver,4505.093249820313 kBTU
2018-08-02T19:15:00-06:00 Denver,3065.5959983984376 kBTU
2018-08-02T19:30:00-06:00 Denver,3785.344624109375 kBTU
2018-08-02T19:45:00-06:00 Denver,3038.938641890625 kBTU
2018-08-02T20:00:00-06:00 Denver,3785.344624109375 kBTU
2018-08-02T20:15:00-06:00 Denver,3065.5959983984376 kBTU
2018-08-02T20:30:00-06:00 Denver,1546.126677453125 kBTU
2018-08-02T20:45:00-06:00 Denver,159.944139046875 kBTU
2018-08-02T21:00:00-06:00 Denver,133.2867825390625 kBTU
2018-08-02T21:15:00-06:00 Denver,319.88827809375 kBTU
2018-08-02T21:30:00-06:00 Denver,239.9162085703125 kBTU
2018-08-02T21:45:00-06:00 Denver,239.9162085703125 kBTU
2018-08-02T22:00:00-06:00 Denver,133.2867825390625 kBTU
2018-08-02T22:15:00-06:00 Denver,159.944139046875 kBTU
2018-08-02T22:30:00-06:00 Denver,266.573565078125 kBTU
2018-08-02T22:45:00-06:00 Denver,213.2588520625 kBTU
2018-08-02T23:00:00-06:00 Denver,186.6014955546875 kBTU
2018-08-02T23:15:00-06:00 Denver,133.2867825390625 kBTU
2018-08-02T23:30:00-06:00 Denver,133.2867825390625 kBTU
2018-08-02T23:45:00-06:00 Denver,186.6014955546875 kBTU
2018-08-03T00:00:00-06:00 Denver,399.86034761718753 kBTU
2018-08-03T00:15:00-06:00 Denver,239.9162085703125 kBTU
2018-08-03T00:30:00-06:00 Denver,159.944139046875 kBTU
2018-08-03T00:45:00-06:00 Denver,213.2588520625 kBTU
2018-08-03T01:00:00-06:00 Denver,159.944139046875 kBTU
2018-08-03T01:15:00-06:00 Denver,159.944139046875 kBTU
2018-08-03T01:30:00-06:00 Denver,239.9162085703125 kBTU
2018-08-03T01:45:00-06:00 Denver,186.6014955546875 kBTU
2018-08-03T02:00:00-06:00 Denver,133.2867825390625 kBTU
2018-08-03T02:15:00-06:00 Denver,213.2588520625 kBTU
2018-08-03T02:30:00-06:00 Denver,239.9162085703125 kBTU
2018-08-03T02:45:00-06:00 Denver,213.2588520625 kBTU
2018-08-03T03:00:00-06:00 Denver,346.54563460156254 kBTU
2018-08-03T03:15:00-06:00 Denver,213.2588520625 kBTU
2018-08-03T03:30:00-06:00 Denver,133.2867825390625 kBTU
2018-08-03T03:45:00-06:00 Denver,133.2867825390625 kBTU
2018-08-03T04:00:00-06:00 Denver,186.6014955546875 kBTU
2018-08-03T04:15:00-06:00 Denver,133.2867825390625 kBTU
2018-08-03T04:30:00-06:00 Denver,266.573565078125 kBTU
2018-08-03T04:45:00-06:00 Denver,213.2588520625 kBTU
2018-08-03T05:00:00-06:00 Denver,239.9162085703125 kBTU
2018-08-03T05:15:00-06:00 Denver,293.2309215859375 kBTU
2018-08-03T05:30:00-06:00 Denver,186.6014955546875 kBTU
2018-08-03T05:45:00-06:00 Denver,159.944139046875 kBTU
2018-08-03T06:00:00-06:00 Denver,239.9162085703125 kBTU
2018-08-03T06:15:00-06:00 Denver,159.944139046875 kBTU
2018-08-03T06:30:00-06:00 Denver,133.2867825390625 kBTU
2018-08-03T06:45:00-06:00 Denver,186.6014955546875 kBTU
2018-08-03T07:00:00-06:00 Denver,133.2867825390625 kBTU
2018-08-03T07:15:00-06:00 Denver,213.2588520625 kBTU
2018-08-03T07:30:00-06:00 Denver,5438.10072759375 kBTU
2018-08-03T07:45:00-06:00 Denver,2025.95909459375 kBTU
2018-08-03T08:00:00-06:00 Denver,1919.3296685625 kBTU
2018-08-03T08:15:00-06:00 Denver,1866.014955546875 kBTU
2018-08-03T08:30:00-06:00 Denver,2665.73565078125 kBTU
2018-08-03T08:45:00-06:00 Denver,2985.623928875 kBTU
2018-08-03T09:00:00-06:00 Denver,2025.95909459375 kBTU
2018-08-03T09:15:00-06:00 Denver,3012.2812853828127 kBTU
2018-08-03T09:30:00-06:00 Denver,3038.938641890625 kBTU
2018-08-03T09:45:00-06:00 Denver,3492.1137025234375 kBTU
2018-08-03T10:00:00-06:00 Denver,3225.5401374453127 kBTU
2018-08-03T10:15:00-06:00 Denver,3198.8827809375002 kBTU
2018-08-03T10:30:00-06:00 Denver,3652.0578415703126 kBTU
2018-08-03T10:45:00-06:00 Denver,3278.8548504609375 kBTU
2018-08-03T11:00:00-06:00 Denver,3438.798989507812 kBTU
2018-08-03T11:15:00-06:00 Denver,4158.54761521875 kBTU
2018-08-03T11:30:00-06:00 Denver,2772.3650768125003 kBTU
2018-08-03T11:45:00-06:00 Denver,5198.184519023438 kBTU
2018-08-03T12:00:00-06:00 Denver,3732.02991109375 kBTU
2018-08-03T12:15:00-06:00 Denver,3998.603476171875 kBTU
2018-08-03T12:30:00-06:00 Denver,4824.981527914063 kBTU
2018-08-03T12:45:00-06:00 Denver,4318.491754265625 kBTU
2018-08-03T13:00:00-06:00 Denver,4984.925666960938 kBTU
2018-08-03T13:15:00-06:00 Denver,3252.1974939531246 kBTU
2018-08-03T13:30:00-06:00 Denver,6157.849353304688 kBTU
2018-08-03T13:45:00-06:00 Denver,3305.51220696875 kBTU
2018-08-03T14:00:00-06:00 Denver,6797.625909492187 kBTU
2018-08-03T14:15:00-06:00 Denver,3518.7710590312504 kBTU
2018-08-03T14:30:00-06:00 Denver,6477.737631398438 kBTU
2018-08-03T14:45:00-06:00 Denver,4238.519684742188 kBTU
2018-08-03T15:00:00-06:00 Denver,6051.219927273437 kBTU
2018-08-03T15:15:00-06:00 Denver,5118.2124495 kBTU
2018-08-03T15:30:00-06:00 Denver,5624.702223148438 kBTU
2018-08-03T15:45:00-06:00 Denver,5064.897736484375 kBTU
2018-08-03T16:00:00-06:00 Denver,5358.128658070313 kBTU
2018-08-03T16:15:00-06:00 Denver,5678.016936164062 kBTU
2018-08-03T16:30:00-06:00 Denver,4531.750606328125 kBTU
2018-08-03T16:45:00-06:00 Denver,5971.24785775 kBTU
2018-08-03T17:00:00-06:00 Denver,4451.778536804688 kBTU
2018-08-03T17:15:00-06:00 Denver,7117.514187585938 kBTU
2018-08-03T17:30:00-06:00 Denver,4131.890258710938 kBTU
2018-08-03T17:45:00-06:00 Denver,6077.87728378125 kBTU
2018-08-03T18:00:00-06:00 Denver,4904.9535974375 kBTU
2018-08-03T18:15:00-06:00 Denver,5518.072797117187 kBTU
2018-08-03T18:30:00-06:00 Denver,4558.407962835938 kBTU
2018-08-03T18:45:00-06:00 Denver,3918.6314066484374 kBTU
2018-08-03T19:00:00-06:00 Denver,5864.61843171875 kBTU
2018-08-03T19:15:00-06:00 Denver,3438.798989507812 kBTU
2018-08-03T19:30:00-06:00 Denver,5971.24785775 kBTU
2018-08-03T19:45:00-06:00 Denver,3465.456346015625 kBTU
2018-08-03T20:00:00-06:00 Denver,4265.17704125 kBTU
2018-08-03T20:15:00-06:00 Denver,3545.4284155390624 kBTU
2018-08-03T20:30:00-06:00 Denver,746.40598221875 kBTU
2018-08-03T20:45:00-06:00 Denver,133.2867825390625 kBTU
2018-08-03T21:00:00-06:00 Denver,266.573565078125 kBTU
2018-08-03T21:15:00-06:00 Denver,266.573565078125 kBTU
2018-08-03T21:30:00-06:00 Denver,159.944139046875 kBTU
2018-08-03T21:45:00-06:00 Denver,159.944139046875 kBTU
2018-08-03T22:00:00-06:00 Denver,133.2867825390625 kBTU
2018-08-03T22:15:00-06:00 Denver,2025.95909459375 kBTU
2018-08-03T22:30:00-06:00 Denver,1759.3855295156252 kBTU
2018-08-03T22:45:00-06:00 Denver,346.54563460156254 kBTU
2018-08-03T23:00:00-06:00 Denver,133.2867825390625 kBTU
2018-08-03T23:15:00-06:00 Denver,213.2588520625 kBTU
2018-08-03T23:30:00-06:00 Denver,186.6014955546875 kBTU
2018-08-03T23:45:00-06:00 Denver,159.944139046875 kBTU
2018-08-04T00:00:00-06:00 Denver,159.944139046875 kBTU
2018-08-04T00:15:00-06:00 Denver,266.573565078125 kBTU
2018-08-04T00:30:00-06:00 Denver,133.2867825390625 kBTU
2018-08-04T00:45:00-06:00 Denver,186.6014955546875 kBTU
2018-08-04T01:00:00-06:00 Denver,239.9162085703125 kBTU
2018-08-04T01:15:00-06:00 Denver,266.573565078125 kBTU
2018-08-04T01:30:00-06:00 Denver,159.944139046875 kBTU
2018-08-04T01:45:00-06:00 Denver,346.54563460156254 kBTU
2018-08-04T02:00:00-06:00 Denver,186.6014955546875 kBTU
2018-08-04T02:15:00-06:00 Denver,133.2867825390625 kBTU
2018-08-04T02:30:00-06:00 Denver,159.944139046875 kBTU
2018-08-04T02:45:00-06:00 Denver,133.2867825390625 kBTU
2018-08-04T03:00:00-06:00 Denver,239.9162085703125 kBTU
2018-08-04T03:15:00-06:00 Denver,213.2588520625 kBTU
2018-08-04T03:30:00-06:00 Denver,239.9162085703125 kBTU
2018-08-04T03:45:00-06:00 Denver,266.573565078125 kBTU
2018-08-04T04:00:00-06:00 Denver,239.9162085703125 kBTU
2018-08-04T04:15:00-06:00 Denver,159.944139046875 kBTU
2018-08-04T04:30:00-06:00 Denver,293.2309215859375 kBTU
2018-08-04T04:45:00-06:00 Denver,133.2867825390625 kBTU
2018-08-04T05:00:00-06:00 Denver,159.944139046875 kBTU
2018-08-04T05:15:00-06:00 Denver,133.2867825390625 kBTU
2018-08-04T05:30:00-06:00 Denver,186.6014955546875 kBTU
2018-08-04T05:45:00-06:00 Denver,133.2867825390625 kBTU
2018-08-04T06:00:00-06:00 Denver,373.202991109375 kBTU
2018-08-04T06:15:00-06:00 Denver,293.2309215859375 kBTU
2018-08-04T06:30:00-06:00 Denver,239.9162085703125 kBTU
2018-08-04T06:45:00-06:00 Denver,133.2867825390625 kBTU
2018-08-04T07:00:00-06:00 Denver,186.6014955546875 kBTU
2018-08-04T07:15:00-06:00 Denver,133.2867825390625 kBTU
2018-08-04T07:30:00-06:00 Denver,266.573565078125 kBTU
2018-08-04T07:45:00-06:00 Denver,186.6014955546875 kBTU
2018-08-04T08:00:00-06:00 Denver,133.2867825390625 kBTU
2018-08-04T08:15:00-06:00 Denver,159.944139046875 kBTU
2018-08-04T08:30:00-06:00 Denver,319.88827809375 kBTU
2018-08-04T08:45:00-06:00 Denver,293.2309215859375 kBTU
2018-08-04T09:00:00-06:00 Denver,266.573565078125 kBTU
2018-08-04T09:15:00-06:00 Denver,159.944139046875 kBTU
2018-08-04T09:30:00-06:00 Denver,133.2867825390625 kBTU
2018-08-04T09:45:00-06:00 Denver,133.2867825390625 kBTU
2018-08-04T10:00:00-06:00 Denver,159.944139046875 kBTU
2018-08-04T10:15:00-06:00 Denver,133.2867825390625 kBTU
2018-08-04T10:30:00-06:00 Denver,239.9162085703125 kBTU
2018-08-04T10:45:00-06:00 Denver,239.9162085703125 kBTU
2018-08-04T11:00:00-06:00 Denver,319.88827809375 kBTU
2018-08-04T11:15:00-06:00 Denver,239.9162085703125 kBTU
2018-08-04T11:30:00-06:00 Denver,159.944139046875 kBTU
2018-08-04T11:45:00-06:00 Denver,213.2588520625 kBTU
2018-08-04T12:00:00-06:00 Denver,186.6014955546875 kBTU
2018-08-04T12:15:00-06:00 Denver,159.944139046875 kBTU
2018-08-04T12:30:00-06:00 Denver,133.2867825390625 kBTU
2018-08-04T12:45:00-06:00 Denver,159.944139046875 kBTU
2018-08-04T13:00:00-06:00 Denver,133.2867825390625 kBTU
2018-08-04T13:15:00-06:00 Denver,266.573565078125 kBTU
2018-08-04T13:30:00-06:00 Denver,426.517704125 kBTU
2018-08-04T13:45:00-06:00 Denver,213.2588520625 kBTU
2018-08-04T14:00:00-06:00 Denver,133.2867825390625 kBTU
2018-08-04T14:15:00-06:00 Denver,159.944139046875 kBTU
2018-08-04T14:30:00-06:00 Denver,133.2867825390625 kBTU
2018-08-04T14:45:00-06:00 Denver,133.2867825390625 kBTU
2018-08-04T15:00:00-06:00 Denver,293.2309215859375 kBTU
2018-08-04T15:15:00-06:00 Denver,159.944139046875 kBTU
2018-08-04T15:30:00-06:00 Denver,239.9162085703125 kBTU
2018-08-04T15:45:00-06:00 Denver,239.9162085703125 kBTU
2018-08-04T16:00:00-06:00 Denver,239.9162085703125 kBTU
2018-08-04T16:15:00-06:00 Denver,159.944139046875 kBTU
2018-08-04T16:30:00-06:00 Denver,266.573565078125 kBTU
2018-08-04T16:45:00-06:00 Denver,159.944139046875 kBTU
2018-08-04T17:00:00-06:00 Denver,159.944139046875 kBTU
2018-08-04T17:15:00-06:00 Denver,133.2867825390625 kBTU
2018-08-04T17:30:00-06:00 Denver,159.944139046875 kBTU
2018-08-04T17:45:00-06:00 Denver,213.2588520625 kBTU
2018-08-04T18:00:00-06:00 Denver,319.88827809375 kBTU
2018-08-04T18:15:00-06:00 Denver,239.9162085703125 kBTU
2018-08-04T18:30:00-06:00 Denver,266.573565078125 kBTU
2018-08-04T18:45:00-06:00 Denver,133.2867825390625 kBTU
2018-08-04T19:00:00-06:00 Denver,159.944139046875 kBTU
2018-08-04T19:15:00-06:00 Denver,159.944139046875 kBTU
2018-08-04T19:30:00-06:00 Denver,266.573565078125 kBTU
2018-08-04T19:45:00-06:00 Denver,186.6014955546875 kBTU
2018-08-04T20:00:00-06:00 Denver,213.2588520625 kBTU
2018-08-04T20:15:00-06:00 Denver,133.2867825390625 kBTU
2018-08-04T20:30:00-06:00 Denver,213.2588520625 kBTU
2018-08-04T20:45:00-06:00 Denver,239.9162085703125 kBTU
2018-08-04T21:00:00-06:00 Denver,293.2309215859375 kBTU
2018-08-04T21:15:00-06:00 Denver,213.2588520625 kBTU
2018-08-04T21:30:00-06:00 Denver,133.2867825390625 kBTU
2018-08-04T21:45:00-06:00 Denver,186.6014955546875 kBTU
2018-08-04T22:00:00-06:00 Denver,186.6014955546875 kBTU
2018-08-04T22:15:00-06:00 Denver,213.2588520625 kBTU
2018-08-04T22:30:00-06:00 Denver,133.2867825390625 kBTU
2018-08-04T22:45:00-06:00 Denver,266.573565078125 kBTU
2018-08-04T23:00:00-06:00 Denver,239.9162085703125 kBTU
2018-08-04T23:15:00-06:00 Denver,239.9162085703125 kBTU
2018-08-04T23:30:00-06:00 Denver,826.3780517421875 kBTU
2018-08-04T23:45:00-06:00 Denver,2958.966572367188 kBTU
2018-08-05T00:00:00-06:00 Denver,133.2867825390625 kBTU
2018-08-05T00:15:00-06:00 Denver,319.88827809375 kBTU
2018-08-05T00:30:00-06:00 Denver,239.9162085703125 kBTU
2018-08-05T00:45:00-06:00 Denver,133.2867825390625 kBTU
2018-08-05T01:00:00-06:00 Denver,159.944139046875 kBTU
2018-08-05T01:15:00-06:00 Denver,186.6014955546875 kBTU
2018-08-05T01:30:00-06:00 Denver,293.2309215859375 kBTU
2018-08-05T01:45:00-06:00 Denver,319.88827809375 kBTU
2018-08-05T02:00:00-06:00 Denver,159.944139046875 kBTU
2018-08-05T02:15:00-06:00 Denver,133.2867825390625 kBTU
2018-08-05T02:30:00-06:00 Denver,213.2588520625 kBTU
2018-08-05T02:45:00-06:00 Denver,213.2588520625 kBTU
2018-08-05T03:00:00-06:00 Denver,266.573565078125 kBTU
2018-08-05T03:15:00-06:00 Denver,159.944139046875 kBTU
2018-08-05T03:30:00-06:00 Denver,159.944139046875 kBTU
2018-08-05T03:45:00-06:00 Denver,213.2588520625 kBTU
2018-08-05T04:00:00-06:00 Denver,239.9162085703125 kBTU
2018-08-05T04:15:00-06:00 Denver,239.9162085703125 kBTU
2018-08-05T04:30:00-06:00 Denver,293.2309215859375 kBTU
2018-08-05T04:45:00-06:00 Denver,159.944139046875 kBTU
2018-08-05T05:00:00-06:00 Denver,213.2588520625 kBTU
2018-08-05T05:15:00-06:00 Denver,159.944139046875 kBTU
2018-08-05T05:30:00-06:00 Denver,186.6014955546875 kBTU
2018-08-05T05:45:00-06:00 Denver,133.2867825390625 kBTU
2018-08-05T06:00:00-06:00 Denver,266.573565078125 kBTU
2018-08-05T06:15:00-06:00 Denver,239.9162085703125 kBTU
2018-08-05T06:30:00-06:00 Denver,266.573565078125 kBTU
2018-08-05T06:45:00-06:00 Denver,159.944139046875 kBTU
2018-08-05T07:00:00-06:00 Denver,186.6014955546875 kBTU
2018-08-05T07:15:00-06:00 Denver,239.9162085703125 kBTU
2018-08-05T07:30:00-06:00 Denver,266.573565078125 kBTU
2018-08-05T07:45:00-06:00 Denver,133.2867825390625 kBTU
2018-08-05T08:00:00-06:00 Denver,186.6014955546875 kBTU
2018-08-05T08:15:00-06:00 Denver,133.2867825390625 kBTU
2018-08-05T08:30:00-06:00 Denver,159.944139046875 kBTU
2018-08-05T08:45:00-06:00 Denver,373.202991109375 kBTU
2018-08-05T09:00:00-06:00 Denver,239.9162085703125 kBTU
2018-08-05T09:15:00-06:00 Denver,186.6014955546875 kBTU
2018-08-05T09:30:00-06:00 Denver,186.6014955546875 kBTU
2018-08-05T09:45:00-06:00 Denver,213.2588520625 kBTU
2018-08-05T10:00:00-06:00 Denver,133.2867825390625 kBTU
2018-08-05T10:15:00-06:00 Denver,239.9162085703125 kBTU
2018-08-05T10:30:00-06:00 Denver,159.944139046875 kBTU
2018-08-05T10:45:00-06:00 Denver,159.944139046875 kBTU
2018-08-05T11:00:00-06:00 Denver,213.2588520625 kBTU
2018-08-05T11:15:00-06:00 Denver,239.9162085703125 kBTU
2018-08-05T11:30:00-06:00 Denver,293.2309215859375 kBTU
2018-08-05T11:45:00-06:00 Denver,239.9162085703125 kBTU
2018-08-05T12:00:00-06:00 Denver,186.6014955546875 kBTU
2018-08-05T12:15:00-06:00 Denver,186.6014955546875 kBTU
2018-08-05T12:30:00-06:00 Denver,133.2867825390625 kBTU
2018-08-05T12:45:00-06:00 Denver,133.2867825390625 kBTU
2018-08-05T13:00:00-06:00 Denver,159.944139046875 kBTU
2018-08-05T13:15:00-06:00 Denver,239.9162085703125 kBTU
2018-08-05T13:30:00-06:00 Denver,293.2309215859375 kBTU
2018-08-05T13:45:00-06:00 Denver,239.9162085703125 kBTU
2018-08-05T14:00:00-06:00 Denver,266.573565078125 kBTU
2018-08-05T14:15:00-06:00 Denver,239.9162085703125 kBTU
2018-08-05T14:30:00-06:00 Denver,133.2867825390625 kBTU
2018-08-05T14:45:00-06:00 Denver,266.573565078125 kBTU
2018-08-05T15:00:00-06:00 Denver,133.2867825390625 kBTU
2018-08-05T15:15:00-06:00 Denver,133.2867825390625 kBTU
2018-08-05T15:30:00-06:00 Denver,186.6014955546875 kBTU
2018-08-05T15:45:00-06:00 Denver,159.944139046875 kBTU
2018-08-05T16:00:00-06:00 Denver,319.88827809375 kBTU
2018-08-05T16:15:00-06:00 Denver,373.202991109375 kBTU
2018-08-05T16:30:00-06:00 Denver,239.9162085703125 kBTU
2018-08-05T16:45:00-06:00 Denver,373.202991109375 kBTU
2018-08-05T17:00:00-06:00 Denver,2319.1900161796875 kBTU
2018-08-05T17:15:00-06:00 Denver,1839.3575990390625 kBTU
2018-08-05T17:30:00-06:00 Denver,266.573565078125 kBTU
2018-08-05T17:45:00-06:00 Denver,133.2867825390625 kBTU
2018-08-05T18:00:00-06:00 Denver,133.2867825390625 kBTU
2018-08-05T18:15:00-06:00 Denver,293.2309215859375 kBTU
2018-08-05T18:30:00-06:00 Denver,293.2309215859375 kBTU
2018-08-05T18:45:00-06:00 Denver,266.573565078125 kBTU
2018-08-05T19:00:00-06:00 Denver,479.832417140625 kBTU
2018-08-05T19:15:00-06:00 Denver,2265.8753031640626 kBTU
2018-08-05T19:30:00-06:00 Denver,159.944139046875 kBTU
2018-08-05T19:45:00-06:00 Denver,133.2867825390625 kBTU
2018-08-05T20:00:00-06:00 Denver,186.6014955546875 kBTU
2018-08-05T20:15:00-06:00 Denver,133.2867825390625 kBTU
2018-08-05T20:30:00-06:00 Denver,266.573565078125 kBTU
2018-08-05T20:45:00-06:00 Denver,266.573565078125 kBTU
2018-08-05T21:00:00-06:00 Denver,319.88827809375 kBTU
2018-08-05T21:15:00-06:00 Denver,213.2588520625 kBTU
2018-08-05T21:30:00-06:00 Denver,133.2867825390625 kBTU
2018-08-05T21:45:00-06:00 Denver,159.944139046875 kBTU
2018-08-05T22:00:00-06:00 Denver,266.573565078125 kBTU
2018-08-05T22:15:00-06:00 Denver,133.2867825390625 kBTU
2018-08-05T22:30:00-06:00 Denver,159.944139046875 kBTU
2018-08-05T22:45:00-06:00 Denver,133.2867825390625 kBTU
2018-08-05T23:00:00-06:00 Denver,239.9162085703125 kBTU
2018-08-05T23:15:00-06:00 Denver,293.2309215859375 kBTU
2018-08-05T23:30:00-06:00 Denver,373.202991109375 kBTU
2018-08-05T23:45:00-06:00 Denver,186.6014955546875 kBTU
2018-08-06T00:00:00-06:00 Denver,133.2867825390625 kBTU
2018-08-06T00:15:00-06:00 Denver,159.944139046875 kBTU
2018-08-06T00:30:00-06:00 Denver,133.2867825390625 kBTU
2018-08-06T00:45:00-06:00 Denver,213.2588520625 kBTU
2018-08-06T01:00:00-06:00 Denver,213.2588520625 kBTU
2018-08-06T01:15:00-06:00 Denver,159.944139046875 kBTU
2018-08-06T01:30:00-06:00 Denver,319.88827809375 kBTU
2018-08-06T01:45:00-06:00 Denver,2985.623928875 kBTU
2018-08-06T02:00:00-06:00 Denver,746.40598221875 kBTU
2018-08-06T02:15:00-06:00 Denver,293.2309215859375 kBTU
2018-08-06T02:30:00-06:00 Denver,133.2867825390625 kBTU
2018-08-06T02:45:00-06:00 Denver,159.944139046875 kBTU
2018-08-06T03:00:00-06:00 Denver,133.2867825390625 kBTU
2018-08-06T03:15:00-06:00 Denver,186.6014955546875 kBTU
2018-08-06T03:30:00-06:00 Denver,159.944139046875 kBTU
2018-08-06T03:45:00-06:00 Denver,319.88827809375 kBTU
2018-08-06T04:00:00-06:00 Denver,319.88827809375 kBTU
2018-08-06T04:15:00-06:00 Denver,239.9162085703125 kBTU
2018-08-06T04:30:00-06:00 Denver,186.6014955546875 kBTU
2018-08-06T04:45:00-06:00 Denver,133.2867825390625 kBTU
2018-08-06T05:00:00-06:00 Denver,186.6014955546875 kBTU
2018-08-06T05:15:00-06:00 Denver,213.2588520625 kBTU
2018-08-06T05:30:00-06:00 Denver,186.6014955546875 kBTU
2018-08-06T05:45:00-06:00 Denver,133.2867825390625 kBTU
2018-08-06T06:00:00-06:00 Denver,159.944139046875 kBTU
2018-08-06T06:15:00-06:00 Denver,319.88827809375 kBTU
2018-08-06T06:30:00-06:00 Denver,399.86034761718753 kBTU
2018-08-06T06:45:00-06:00 Denver,159.944139046875 kBTU
2018-08-06T07:00:00-06:00 Denver,186.6014955546875 kBTU
2018-08-06T07:15:00-06:00 Denver,133.2867825390625 kBTU
2018-08-06T07:30:00-06:00 Denver,6184.5067098125 kBTU
2018-08-06T07:45:00-06:00 Denver,2079.273807609375 kBTU
2018-08-06T08:00:00-06:00 Denver,1999.3017380859376 kBTU
2018-08-06T08:15:00-06:00 Denver,2745.7077203046874 kBTU
2018-08-06T08:30:00-06:00 Denver,2852.3371463359376 kBTU
2018-08-06T08:45:00-06:00 Denver,1972.644381578125 kBTU
2018-08-06T09:00:00-06:00 Denver,2692.3930072890626 kBTU
2018-08-06T09:15:00-06:00 Denver,3038.938641890625 kBTU
2018-08-06T09:30:00-06:00 Denver,2985.623928875 kBTU
2018-08-06T09:45:00-06:00 Denver,2105.9311641171876 kBTU
2018-08-06T10:00:00-06:00 Denver,3998.603476171875 kBTU
2018-08-06T10:15:00-06:00 Denver,1839.3575990390625 kBTU
2018-08-06T10:30:00-06:00 Denver,4398.463823789062 kBTU
2018-08-06T10:45:00-06:00 Denver,1972.644381578125 kBTU
2018-08-06T11:00:00-06:00 Denver,4824.981527914063 kBTU
2018-08-06T11:15:00-06:00 Denver,2452.47679871875 kBTU
2018-08-06T11:30:00-06:00 Denver,4505.093249820313 kBTU
2018-08-06T11:45:00-06:00 Denver,3918.6314066484374 kBTU
2018-08-06T12:00:00-06:00 Denver,3038.938641890625 kBTU
2018-08-06T12:15:00-06:00 Denver,5438.10072759375 kBTU
2018-08-06T12:30:00-06:00 Denver,1945.9870250703127 kBTU
2018-08-06T12:45:00-06:00 Denver,5518.072797117187 kBTU
2018-08-06T13:00:00-06:00 Denver,4078.575545695313 kBTU
2018-08-06T13:15:00-06:00 Denver,3705.372554585938 kBTU
2018-08-06T13:30:00-06:00 Denver,5144.869806007812 kBTU
2018-08-06T13:45:00-06:00 Denver,3812.001980617187 kBTU
2018-08-06T14:00:00-06:00 Denver,6024.562570765625 kBTU
2018-08-06T14:15:00-06:00 Denver,3092.25335490625 kBTU
2018-08-06T14:30:00-06:00 Denver,4638.380032359375 kBTU
2018-08-06T14:45:00-06:00 Denver,5544.730153625001 kBTU
2018-08-06T15:00:00-06:00 Denver,4078.575545695313 kBTU
2018-08-06T15:15:00-06:00 Denver,5624.702223148438 kBTU
2018-08-06T15:30:00-06:00 Denver,5091.555092992187 kBTU
2018-08-06T15:45:00-06:00 Denver,4265.17704125 kBTU
2018-08-06T16:00:00-06:00 Denver,6104.534640289063 kBTU
2018-08-06T16:15:00-06:00 Denver,5118.2124495 kBTU
2018-08-06T16:30:00-06:00 Denver,4931.610953945313 kBTU
2018-08-06T16:45:00-06:00 Denver,5571.387510132813 kBTU
2018-08-06T17:00:00-06:00 Denver,3732.02991109375 kBTU
2018-08-06T17:15:00-06:00 Denver,5331.4713015625 kBTU
2018-08-06T17:30:00-06:00 Denver,5278.156588546875 kBTU
2018-08-06T17:45:00-06:00 Denver,4531.750606328125 kBTU
2018-08-06T18:00:00-06:00 Denver,6024.562570765625 kBTU
2018-08-06T18:15:00-06:00 Denver,4078.575545695313 kBTU
2018-08-06T18:30:00-06:00 Denver,5011.58302346875 kBTU
2018-08-06T18:45:00-06:00 Denver,5064.897736484375 kBTU
2018-08-06T19:00:00-06:00 Denver,3758.6872676015623 kBTU
2018-08-06T19:15:00-06:00 Denver,4451.778536804688 kBTU
2018-08-06T19:30:00-06:00 Denver,3252.1974939531246 kBTU
2018-08-06T19:45:00-06:00 Denver,4318.491754265625 kBTU
2018-08-06T20:00:00-06:00 Denver,4718.352101882812 kBTU
2018-08-06T20:15:00-06:00 Denver,1866.014955546875 kBTU
2018-08-06T20:30:00-06:00 Denver,213.2588520625 kBTU
2018-08-06T20:45:00-06:00 Denver,266.573565078125 kBTU
2018-08-06T21:00:00-06:00 Denver,133.2867825390625 kBTU
2018-08-06T21:15:00-06:00 Denver,293.2309215859375 kBTU
2018-08-06T21:30:00-06:00 Denver,239.9162085703125 kBTU
2018-08-06T21:45:00-06:00 Denver,159.944139046875 kBTU
2018-08-06T22:00:00-06:00 Denver,239.9162085703125 kBTU
2018-08-06T22:15:00-06:00 Denver,266.573565078125 kBTU
2018-08-06T22:30:00-06:00 Denver,133.2867825390625 kBTU
2018-08-06T22:45:00-06:00 Denver,186.6014955546875 kBTU
2018-08-06T23:00:00-06:00 Denver,133.2867825390625 kBTU
2018-08-06T23:15:00-06:00 Denver,159.944139046875 kBTU
2018-08-06T23:30:00-06:00 Denver,239.9162085703125 kBTU
2018-08-06T23:45:00-06:00 Denver,293.2309215859375 kBTU
2018-08-07T00:00:00-06:00 Denver,213.2588520625 kBTU
2018-08-07T00:15:00-06:00 Denver,213.2588520625 kBTU
2018-08-07T00:30:00-06:00 Denver,213.2588520625 kBTU
2018-08-07T00:45:00-06:00 Denver,159.944139046875 kBTU
2018-08-07T01:00:00-06:00 Denver,266.573565078125 kBTU
2018-08-07T01:15:00-06:00 Denver,159.944139046875 kBTU
2018-08-07T01:30:00-06:00 Denver,159.944139046875 kBTU
2018-08-07T01:45:00-06:00 Denver,133.2867825390625 kBTU
2018-08-07T02:00:00-06:00 Denver,3652.0578415703126 kBTU
2018-08-07T02:15:00-06:00 Denver,266.573565078125 kBTU
2018-08-07T02:30:00-06:00 Denver,346.54563460156254 kBTU
2018-08-07T02:45:00-06:00 Denver,266.573565078125 kBTU
2018-08-07T03:00:00-06:00 Denver,186.6014955546875 kBTU
2018-08-07T03:15:00-06:00 Denver,133.2867825390625 kBTU
2018-08-07T03:30:00-06:00 Denver,159.944139046875 kBTU
2018-08-07T03:45:00-06:00 Denver,293.2309215859375 kBTU
2018-08-07T04:00:00-06:00 Denver,133.2867825390625 kBTU
2018-08-07T04:15:00-06:00 Denver,159.944139046875 kBTU
2018-08-07T04:30:00-06:00 Denver,133.2867825390625 kBTU
2018-08-07T04:45:00-06:00 Denver,266.573565078125 kBTU
2018-08-07T05:00:00-06:00 Denver,319.88827809375 kBTU
2018-08-07T05:15:00-06:00 Denver,346.54563460156254 kBTU
2018-08-07T05:30:00-06:00 Denver,133.2867825390625 kBTU
2018-08-07T05:45:00-06:00 Denver,159.944139046875 kBTU
2018-08-07T06:00:00-06:00 Denver,133.2867825390625 kBTU
2018-08-07T06:15:00-06:00 Denver,133.2867825390625 kBTU
2018-08-07T06:30:00-06:00 Denver,186.6014955546875 kBTU
2018-08-07T06:45:00-06:00 Denver,266.573565078125 kBTU
2018-08-07T07:00:00-06:00 Denver,133.2867825390625 kBTU
2018-08-07T07:15:00-06:00 Denver,266.573565078125 kBTU
2018-08-07T07:30:00-06:00 Denver,1999.3017380859376 kBTU
2018-08-07T07:45:00-06:00 Denver,1892.6723120546876 kBTU
2018-08-07T08:00:00-06:00 Denver,1892.6723120546876 kBTU
2018-08-07T08:15:00-06:00 Denver,1945.9870250703127 kBTU
2018-08-07T08:30:00-06:00 Denver,1839.3575990390625 kBTU
2018-08-07T08:45:00-06:00 Denver,1839.3575990390625 kBTU
2018-08-07T09:00:00-06:00 Denver,1812.7002425312498 kBTU
2018-08-07T09:15:00-06:00 Denver,2585.763581257813 kBTU
2018-08-07T09:30:00-06:00 Denver,1919.3296685625 kBTU
2018-08-07T09:45:00-06:00 Denver,4158.54761521875 kBTU
2018-08-07T10:00:00-06:00 Denver,2239.2179466562498 kBTU
2018-08-07T10:15:00-06:00 Denver,2799.0224333203123 kBTU
2018-08-07T10:30:00-06:00 Denver,3358.826919984375 kBTU
2018-08-07T10:45:00-06:00 Denver,3145.5680679218754 kBTU
2018-08-07T11:00:00-06:00 Denver,2025.95909459375 kBTU
2018-08-07T11:15:00-06:00 Denver,4691.694745375 kBTU
2018-08-07T11:30:00-06:00 Denver,3038.938641890625 kBTU
2018-08-07T11:45:00-06:00 Denver,3812.001980617187 kBTU
2018-08-07T12:00:00-06:00 Denver,4051.9181891875 kBTU
2018-08-07T12:15:00-06:00 Denver,3652.0578415703126 kBTU
2018-08-07T12:30:00-06:00 Denver,4505.093249820313 kBTU
2018-08-07T12:45:00-06:00 Denver,3998.603476171875 kBTU
2018-08-07T13:00:00-06:00 Denver,3918.6314066484374 kBTU
2018-08-07T13:15:00-06:00 Denver,3225.5401374453127 kBTU
2018-08-07T13:30:00-06:00 Denver,5384.786014578125 kBTU
2018-08-07T13:45:00-06:00 Denver,4398.463823789062 kBTU
2018-08-07T14:00:00-06:00 Denver,3812.001980617187 kBTU
2018-08-07T14:15:00-06:00 Denver,5331.4713015625 kBTU
2018-08-07T14:30:00-06:00 Denver,4238.519684742188 kBTU
2018-08-07T14:45:00-06:00 Denver,5224.84187553125 kBTU
2018-08-07T15:00:00-06:00 Denver,5757.9890056875 kBTU
2018-08-07T15:15:00-06:00 Denver,4185.204971726563 kBTU
2018-08-07T15:30:00-06:00 Denver,6024.562570765625 kBTU
2018-08-07T15:45:00-06:00 Denver,5251.499232039063 kBTU
2018-08-07T16:00:00-06:00 Denver,4665.0373888671875 kBTU
2018-08-07T16:15:00-06:00 Denver,5384.786014578125 kBTU
2018-08-07T16:30:00-06:00 Denver,5571.387510132813 kBTU
2018-08-07T16:45:00-06:00 Denver,4878.296240929688 kBTU
2018-08-07T17:00:00-06:00 Denver,5971.24785775 kBTU
2018-08-07T17:15:00-06:00 Denver,4238.519684742188 kBTU
2018-08-07T17:30:00-06:00 Denver,4824.981527914063 kBTU
2018-08-07T17:45:00-06:00 Denver,6531.052344414063 kBTU
2018-08-07T18:00:00-06:00 Denver,4398.463823789062 kBTU
2018-08-07T18:15:00-06:00 Denver,5491.415440609375 kBTU
2018-08-07T18:30:00-06:00 Denver,5144.869806007812 kBTU
2018-08-07T18:45:00-06:00 Denver,3492.1137025234375 kBTU
2018-08-07T19:00:00-06:00 Denver,5278.156588546875 kBTU
2018-08-07T19:15:00-06:00 Denver,4718.352101882812 kBTU
2018-08-07T19:30:00-06:00 Denver,4531.750606328125 kBTU
2018-08-07T19:45:00-06:00 Denver,5331.4713015625 kBTU
2018-08-07T20:00:00-06:00 Denver,3252.1974939531246 kBTU
2018-08-07T20:15:00-06:00 Denver,3678.715198078125 kBTU
2018-08-07T20:30:00-06:00 Denver,186.6014955546875 kBTU
2018-08-07T20:45:00-06:00 Denver,159.944139046875 kBTU
2018-08-07T21:00:00-06:00 Denver,186.6014955546875 kBTU
2018-08-07T21:15:00-06:00 Denver,346.54563460156254 kBTU
2018-08-07T21:30:00-06:00 Denver,133.2867825390625 kBTU
2018-08-07T21:45:00-06:00 Denver,186.6014955546875 kBTU
2018-08-07T22:00:00-06:00 Denver,133.2867825390625 kBTU
2018-08-07T22:15:00-06:00 Denver,133.2867825390625 kBTU
2018-08-07T22:30:00-06:00 Denver,266.573565078125 kBTU
2018-08-07T22:45:00-06:00 Denver,373.202991109375 kBTU
2018-08-07T23:00:00-06:00 Denver,133.2867825390625 kBTU
2018-08-07T23:15:00-06:00 Denver,213.2588520625 kBTU
2018-08-07T23:30:00-06:00 Denver,213.2588520625 kBTU
2018-08-07T23:45:00-06:00 Denver,159.944139046875 kBTU
2018-08-08T00:00:00-06:00 Denver,133.2867825390625 kBTU
2018-08-08T00:15:00-06:00 Denver,266.573565078125 kBTU
2018-08-08T00:30:00-06:00 Denver,133.2867825390625 kBTU
2018-08-08T00:45:00-06:00 Denver,186.6014955546875 kBTU
2018-08-08T01:00:00-06:00 Denver,239.9162085703125 kBTU
2018-08-08T01:15:00-06:00 Denver,239.9162085703125 kBTU
2018-08-08T01:30:00-06:00 Denver,293.2309215859375 kBTU
2018-08-08T01:45:00-06:00 Denver,239.9162085703125 kBTU
2018-08-08T02:00:00-06:00 Denver,186.6014955546875 kBTU
2018-08-08T02:15:00-06:00 Denver,133.2867825390625 kBTU
2018-08-08T02:30:00-06:00 Denver,159.944139046875 kBTU
2018-08-08T02:45:00-06:00 Denver,133.2867825390625 kBTU
2018-08-08T03:00:00-06:00 Denver,293.2309215859375 kBTU
2018-08-08T03:15:00-06:00 Denver,159.944139046875 kBTU
2018-08-08T03:30:00-06:00 Denver,2079.273807609375 kBTU
2018-08-08T03:45:00-06:00 Denver,1812.7002425312498 kBTU
2018-08-08T04:00:00-06:00 Denver,293.2309215859375 kBTU
2018-08-08T04:15:00-06:00 Denver,159.944139046875 kBTU
2018-08-08T04:30:00-06:00 Denver,266.573565078125 kBTU
2018-08-08T04:45:00-06:00 Denver,159.944139046875 kBTU
2018-08-08T05:00:00-06:00 Denver,133.2867825390625 kBTU
2018-08-08T05:15:00-06:00 Denver,133.2867825390625 kBTU
2018-08-08T05:30:00-06:00 Denver,186.6014955546875 kBTU
2018-08-08T05:45:00-06:00 Denver,133.2867825390625 kBTU
2018-08-08T06:00:00-06:00 Denver,346.54563460156254 kBTU
2018-08-08T06:15:00-06:00 Denver,293.2309215859375 kBTU
2018-08-08T06:30:00-06:00 Denver,239.9162085703125 kBTU
2018-08-08T06:45:00-06:00 Denver,186.6014955546875 kBTU
2018-08-08T07:00:00-06:00 Denver,133.2867825390625 kBTU
2018-08-08T07:15:00-06:00 Denver,133.2867825390625 kBTU
2018-08-08T07:30:00-06:00 Denver,3038.938641890625 kBTU
2018-08-08T07:45:00-06:00 Denver,1866.014955546875 kBTU
2018-08-08T08:00:00-06:00 Denver,1892.6723120546876 kBTU
2018-08-08T08:15:00-06:00 Denver,1839.3575990390625 kBTU
2018-08-08T08:30:00-06:00 Denver,1972.644381578125 kBTU
2018-08-08T08:45:00-06:00 Denver,1999.3017380859376 kBTU
2018-08-08T09:00:00-06:00 Denver,2772.3650768125003 kBTU
2018-08-08T09:15:00-06:00 Denver,1812.7002425312498 kBTU
2018-08-08T09:30:00-06:00 Denver,3891.9740501406254 kBTU
2018-08-08T09:45:00-06:00 Denver,1812.7002425312498 kBTU
2018-08-08T10:00:00-06:00 Denver,4371.806467281251 kBTU
2018-08-08T10:15:00-06:00 Denver,1972.644381578125 kBTU
2018-08-08T10:30:00-06:00 Denver,4398.463823789062 kBTU
2018-08-08T10:45:00-06:00 Denver,2665.73565078125 kBTU
2018-08-08T11:00:00-06:00 Denver,3918.6314066484374 kBTU
2018-08-08T11:15:00-06:00 Denver,3545.4284155390624 kBTU
2018-08-08T11:30:00-06:00 Denver,3625.4004850624997 kBTU
2018-08-08T11:45:00-06:00 Denver,3412.141633 kBTU
2018-08-08T12:00:00-06:00 Denver,5118.2124495 kBTU
2018-08-08T12:15:00-06:00 Denver,2745.7077203046874 kBTU
2018-08-08T12:30:00-06:00 Denver,4558.407962835938 kBTU
2018-08-08T12:45:00-06:00 Denver,5171.527162515626 kBTU
2018-08-08T13:00:00-06:00 Denver,2505.791511734375 kBTU
2018-08-08T13:15:00-06:00 Denver,5891.275788226562 kBTU
2018-08-08T13:30:00-06:00 Denver,4878.296240929688 kBTU
2018-08-08T13:45:00-06:00 Denver,4291.834397757812 kBTU
2018-08-08T14:00:00-06:00 Denver,6157.849353304688 kBTU
2018-08-08T14:15:00-06:00 Denver,4505.093249820313 kBTU
2018-08-08T14:30:00-06:00 Denver,3812.001980617187 kBTU
2018-08-08T14:45:00-06:00 Denver,6211.1640663203125 kBTU
2018-08-08T15:00:00-06:00 Denver,5331.4713015625 kBTU
2018-08-08T15:15:00-06:00 Denver,4265.17704125 kBTU
2018-08-08T15:30:00-06:00 Denver,7703.976030757813 kBTU
2018-08-08T15:45:00-06:00 Denver,5438.10072759375 kBTU
2018-08-08T16:00:00-06:00 Denver,5144.869806007812 kBTU
2018-08-08T16:15:00-06:00 Denver,7117.514187585938 kBTU
2018-08-08T16:30:00-06:00 Denver,5171.527162515626 kBTU
2018-08-08T16:45:00-06:00 Denver,5837.961075210937 kBTU
2018-08-08T17:00:00-06:00 Denver,5864.61843171875 kBTU
2018-08-08T17:15:00-06:00 Denver,4265.17704125 kBTU
2018-08-08T17:30:00-06:00 Denver,5891.275788226562 kBTU
2018-08-08T17:45:00-06:00 Denver,6850.940622507813 kBTU
2018-08-08T18:00:00-06:00 Denver,4611.722675851563 kBTU
2018-08-08T18:15:00-06:00 Denver,5971.24785775 kBTU
2018-08-08T18:30:00-06:00 Denver,5464.758084101562 kBTU
2018-08-08T18:45:00-06:00 Denver,4051.9181891875 kBTU
2018-08-08T19:00:00-06:00 Denver,6077.87728378125 kBTU
2018-08-08T19:15:00-06:00 Denver,5064.897736484375 kBTU
2018-08-08T19:30:00-06:00 Denver,4451.778536804688 kBTU
2018-08-08T19:45:00-06:00 Denver,5411.4433710859375 kBTU
2018-08-08T20:00:00-06:00 Denver,3945.28876315625 kBTU
2018-08-08T20:15:00-06:00 Denver,4425.121180296875 kBTU
2018-08-08T20:30:00-06:00 Denver,346.54563460156254 kBTU
2018-08-08T20:45:00-06:00 Denver,133.2867825390625 kBTU
2018-08-08T21:00:00-06:00 Denver,133.2867825390625 kBTU
2018-08-08T21:15:00-06:00 Denver,213.2588520625 kBTU
2018-08-08T21:30:00-06:00 Denver,239.9162085703125 kBTU
2018-08-08T21:45:00-06:00 Denver,266.573565078125 kBTU
2018-08-08T22:00:00-06:00 Denver,213.2588520625 kBTU
2018-08-08T22:15:00-06:00 Denver,159.944139046875 kBTU
2018-08-08T22:30:00-06:00 Denver,159.944139046875 kBTU
2018-08-08T22:45:00-06:00 Denver,239.9162085703125 kBTU
2018-08-08T23:00:00-06:00 Denver,159.944139046875 kBTU
2018-08-08T23:15:00-06:00 Denver,266.573565078125 kBTU
2018-08-08T23:30:00-06:00 Denver,133.2867825390625 kBTU
2018-08-08T23:45:00-06:00 Denver,186.6014955546875 kBTU
2018-08-09T00:00:00-06:00 Denver,266.573565078125 kBTU
2018-08-09T00:15:00-06:00 Denver,239.9162085703125 kBTU
2018-08-09T00:30:00-06:00 Denver,159.944139046875 kBTU
2018-08-09T00:45:00-06:00 Denver,239.9162085703125 kBTU
2018-08-09T01:00:00-06:00 Denver,213.2588520625 kBTU
2018-08-09T01:15:00-06:00 Denver,213.2588520625 kBTU
2018-08-09T01:30:00-06:00 Denver,159.944139046875 kBTU
2018-08-09T01:45:00-06:00 Denver,133.2867825390625 kBTU
2018-08-09T02:00:00-06:00 Denver,186.6014955546875 kBTU
2018-08-09T02:15:00-06:00 Denver,186.6014955546875 kBTU
2018-08-09T02:30:00-06:00 Denver,319.88827809375 kBTU
2018-08-09T02:45:00-06:00 Denver,266.573565078125 kBTU
2018-08-09T03:00:00-06:00 Denver,159.944139046875 kBTU
2018-08-09T03:15:00-06:00 Denver,186.6014955546875 kBTU
2018-08-09T03:30:00-06:00 Denver,239.9162085703125 kBTU
2018-08-09T03:45:00-06:00 Denver,186.6014955546875 kBTU
2018-08-09T04:00:00-06:00 Denver,213.2588520625 kBTU
2018-08-09T04:15:00-06:00 Denver,933.0074777734375 kBTU
2018-08-09T04:30:00-06:00 Denver,2799.0224333203123 kBTU
2018-08-09T04:45:00-06:00 Denver,159.944139046875 kBTU
2018-08-09T05:00:00-06:00 Denver,239.9162085703125 kBTU
2018-08-09T05:15:00-06:00 Denver,293.2309215859375 kBTU
2018-08-09T05:30:00-06:00 Denver,239.9162085703125 kBTU
2018-08-09T05:45:00-06:00 Denver,239.9162085703125 kBTU
2018-08-09T06:00:00-06:00 Denver,186.6014955546875 kBTU
2018-08-09T06:15:00-06:00 Denver,133.2867825390625 kBTU
2018-08-09T06:30:00-06:00 Denver,159.944139046875 kBTU
2018-08-09T06:45:00-06:00 Denver,133.2867825390625 kBTU
2018-08-09T07:00:00-06:00 Denver,293.2309215859375 kBTU
2018-08-09T07:15:00-06:00 Denver,133.2867825390625 kBTU
2018-08-09T07:30:00-06:00 Denver,3945.28876315625 kBTU
2018-08-09T07:45:00-06:00 Denver,1999.3017380859376 kBTU
2018-08-09T08:00:00-06:00 Denver,1892.6723120546876 kBTU
2018-08-09T08:15:00-06:00 Denver,1919.3296685625 kBTU
2018-08-09T08:30:00-06:00 Denver,1972.644381578125 kBTU
2018-08-09T08:45:00-06:00 Denver,2639.0782942734377 kBTU
2018-08-09T09:00:00-06:00 Denver,2985.623928875 kBTU
2018-08-09T09:15:00-06:00 Denver,1839.3575990390625 kBTU
2018-08-09T09:30:00-06:00 Denver,4211.862328234375 kBTU
2018-08-09T09:45:00-06:00 Denver,1866.014955546875 kBTU
2018-08-09T10:00:00-06:00 Denver,4478.4358933124995 kBTU
2018-08-09T10:15:00-06:00 Denver,2105.9311641171876 kBTU
2018-08-09T10:30:00-06:00 Denver,4558.407962835938 kBTU
2018-08-09T10:45:00-06:00 Denver,1972.644381578125 kBTU
2018-08-09T11:00:00-06:00 Denver,4771.666814898437 kBTU
2018-08-09T11:15:00-06:00 Denver,3092.25335490625 kBTU
2018-08-09T11:30:00-06:00 Denver,4051.9181891875 kBTU
2018-08-09T11:45:00-06:00 Denver,5144.869806007812 kBTU
2018-08-09T12:00:00-06:00 Denver,2479.1341552265626 kBTU
2018-08-09T12:15:00-06:00 Denver,4745.009458390626 kBTU
2018-08-09T12:30:00-06:00 Denver,5438.10072759375 kBTU
2018-08-09T12:45:00-06:00 Denver,2932.309215859375 kBTU
2018-08-09T13:00:00-06:00 Denver,5598.044866640625 kBTU
2018-08-09T13:15:00-06:00 Denver,4771.666814898437 kBTU
2018-08-09T13:30:00-06:00 Denver,4478.4358933124995 kBTU
2018-08-09T13:45:00-06:00 Denver,6211.1640663203125 kBTU
2018-08-09T14:00:00-06:00 Denver,4585.06531934375 kBTU
2018-08-09T14:15:00-06:00 Denver,5064.897736484375 kBTU
2018-08-09T14:30:00-06:00 Denver,6504.394987906249 kBTU
2018-08-09T14:45:00-06:00 Denver,4824.981527914063 kBTU
2018-08-09T15:00:00-06:00 Denver,5464.758084101562 kBTU
2018-08-09T15:15:00-06:00 Denver,7037.542118062501 kBTU
2018-08-09T15:30:00-06:00 Denver,4931.610953945313 kBTU
2018-08-09T15:45:00-06:00 Denver,6317.793492351562 kBTU
2018-08-09T16:00:00-06:00 Denver,6770.9685529843755 kBTU
2018-08-09T16:15:00-06:00 Denver,6344.450848859375 kBTU
2018-08-09T16:30:00-06:00 Denver,7197.486257109375 kBTU
2018-08-09T16:45:00-06:00 Denver,7970.549595835938 kBTU
2018-08-09T17:00:00-06:00 Denver,6131.191996796875 kBTU
2018-08-09T17:15:00-06:00 Denver,6237.821422828125 kBTU
2018-08-09T17:30:00-06:00 Denver,7197.486257109375 kBTU
2018-08-09T17:45:00-06:00 Denver,4558.407962835938 kBTU
2018-08-09T18:00:00-06:00 Denver,6264.478779335937 kBTU
2018-08-09T18:15:00-06:00 Denver,5224.84187553125 kBTU
2018-08-09T18:30:00-06:00 Denver,5331.4713015625 kBTU
2018-08-09T18:45:00-06:00 Denver,6744.311196476563 kBTU
2018-08-09T19:00:00-06:00 Denver,4745.009458390626 kBTU
2018-08-09T19:15:00-06:00 Denver,5944.590501242188 kBTU
2018-08-09T19:30:00-06:00 Denver,5704.674292671875 kBTU
2018-08-09T19:45:00-06:00 Denver,3785.344624109375 kBTU
2018-08-09T20:00:00-06:00 Denver,5251.499232039063 kBTU
2018-08-09T20:15:00-06:00 Denver,3918.6314066484374 kBTU
2018-08-09T20:30:00-06:00 Denver,1092.9516168203127 kBTU
2018-08-09T20:45:00-06:00 Denver,133.2867825390625 kBTU
2018-08-09T21:00:00-06:00 Denver,159.944139046875 kBTU
2018-08-09T21:15:00-06:00 Denver,159.944139046875 kBTU
2018-08-09T21:30:00-06:00 Denver,186.6014955546875 kBTU
2018-08-09T21:45:00-06:00 Denver,346.54563460156254 kBTU
2018-08-09T22:00:00-06:00 Denver,133.2867825390625 kBTU
2018-08-09T22:15:00-06:00 Denver,186.6014955546875 kBTU
2018-08-09T22:30:00-06:00 Denver,133.2867825390625 kBTU
2018-08-09T22:45:00-06:00 Denver,239.9162085703125 kBTU
2018-08-09T23:00:00-06:00 Denver,266.573565078125 kBTU
2018-08-09T23:15:00-06:00 Denver,293.2309215859375 kBTU
2018-08-09T23:30:00-06:00 Denver,159.944139046875 kBTU
2018-08-09T23:45:00-06:00 Denver,186.6014955546875 kBTU
2018-08-10T00:00:00-06:00 Denver,213.2588520625 kBTU
2018-08-10T00:15:00-06:00 Denver,159.944139046875 kBTU
2018-08-10T00:30:00-06:00 Denver,133.2867825390625 kBTU
2018-08-10T00:45:00-06:00 Denver,239.9162085703125 kBTU
2018-08-10T01:00:00-06:00 Denver,213.2588520625 kBTU
2018-08-10T01:15:00-06:00 Denver,239.9162085703125 kBTU
2018-08-10T01:30:00-06:00 Denver,239.9162085703125 kBTU
2018-08-10T01:45:00-06:00 Denver,213.2588520625 kBTU
2018-08-10T02:00:00-06:00 Denver,159.944139046875 kBTU
2018-08-10T02:15:00-06:00 Denver,239.9162085703125 kBTU
2018-08-10T02:30:00-06:00 Denver,266.573565078125 kBTU
2018-08-10T02:45:00-06:00 Denver,186.6014955546875 kBTU
2018-08-10T03:00:00-06:00 Denver,133.2867825390625 kBTU
2018-08-10T03:15:00-06:00 Denver,159.944139046875 kBTU
2018-08-10T03:30:00-06:00 Denver,1652.756103484375 kBTU
2018-08-10T03:45:00-06:00 Denver,2212.5605901484373 kBTU
2018-08-10T04:00:00-06:00 Denver,346.54563460156254 kBTU
2018-08-10T04:15:00-06:00 Denver,186.6014955546875 kBTU
2018-08-10T04:30:00-06:00 Denver,133.2867825390625 kBTU
2018-08-10T04:45:00-06:00 Denver,239.9162085703125 kBTU
2018-08-10T05:00:00-06:00 Denver,186.6014955546875 kBTU
2018-08-10T05:15:00-06:00 Denver,239.9162085703125 kBTU
2018-08-10T05:30:00-06:00 Denver,186.6014955546875 kBTU
2018-08-10T05:45:00-06:00 Denver,159.944139046875 kBTU
2018-08-10T06:00:00-06:00 Denver,159.944139046875 kBTU
2018-08-10T06:15:00-06:00 Denver,213.2588520625 kBTU
2018-08-10T06:30:00-06:00 Denver,266.573565078125 kBTU
2018-08-10T06:45:00-06:00 Denver,293.2309215859375 kBTU
2018-08-10T07:00:00-06:00 Denver,186.6014955546875 kBTU
2018-08-10T07:15:00-06:00 Denver,239.9162085703125 kBTU
2018-08-10T07:30:00-06:00 Denver,6531.052344414063 kBTU
2018-08-10T07:45:00-06:00 Denver,2105.9311641171876 kBTU
2018-08-10T08:00:00-06:00 Denver,1892.6723120546876 kBTU
2018-08-10T08:15:00-06:00 Denver,3891.9740501406254 kBTU
2018-08-10T08:30:00-06:00 Denver,1839.3575990390625 kBTU
2018-08-10T08:45:00-06:00 Denver,4158.54761521875 kBTU
2018-08-10T09:00:00-06:00 Denver,2052.6164511015622 kBTU
2018-08-10T09:15:00-06:00 Denver,3145.5680679218754 kBTU
2018-08-10T09:30:00-06:00 Denver,3252.1974939531246 kBTU
2018-08-10T09:45:00-06:00 Denver,4585.06531934375 kBTU
2018-08-10T10:00:00-06:00 Denver,1919.3296685625 kBTU
2018-08-10T10:15:00-06:00 Denver,4771.666814898437 kBTU
2018-08-10T10:30:00-06:00 Denver,4105.2329022031245 kBTU
2018-08-10T10:45:00-06:00 Denver,3332.169563476563 kBTU
2018-08-10T11:00:00-06:00 Denver,4718.352101882812 kBTU
2018-08-10T11:15:00-06:00 Denver,3385.4842764921877 kBTU
2018-08-10T11:30:00-06:00 Denver,5278.156588546875 kBTU
2018-08-10T11:45:00-06:00 Denver,4851.6388844218745 kBTU
2018-08-10T12:00:00-06:00 Denver,2559.10622475 kBTU
2018-08-10T12:15:00-06:00 Denver,5518.072797117187 kBTU
2018-08-10T12:30:00-06:00 Denver,4984.925666960938 kBTU
2018-08-10T12:45:00-06:00 Denver,4131.890258710938 kBTU
2018-08-10T13:00:00-06:00 Denver,6264.478779335937 kBTU
2018-08-10T13:15:00-06:00 Denver,4478.4358933124995 kBTU
2018-08-10T13:30:00-06:00 Denver,5118.2124495 kBTU
2018-08-10T13:45:00-06:00 Denver,6397.7655618750005 kBTU
2018-08-10T14:00:00-06:00 Denver,4558.407962835938 kBTU
2018-08-10T14:15:00-06:00 Denver,6184.5067098125 kBTU
2018-08-10T14:30:00-06:00 Denver,5917.933144734376 kBTU
2018-08-10T14:45:00-06:00 Denver,5118.2124495 kBTU
2018-08-10T15:00:00-06:00 Denver,7437.402465679687 kBTU
2018-08-10T15:15:00-06:00 Denver,5598.044866640625 kBTU
2018-08-10T15:30:00-06:00 Denver,5891.275788226562 kBTU
2018-08-10T15:45:00-06:00 Denver,6824.283266 kBTU
2018-08-10T16:00:00-06:00 Denver,5544.730153625001 kBTU
2018-08-10T16:15:00-06:00 Denver,7650.661317742188 kBTU
2018-08-10T16:30:00-06:00 Denver,6264.478779335937 kBTU
2018-08-10T16:45:00-06:00 Denver,5944.590501242188 kBTU
2018-08-10T17:00:00-06:00 Denver,7037.542118062501 kBTU
2018-08-10T17:15:00-06:00 Denver,5464.758084101562 kBTU
2018-08-10T17:30:00-06:00 Denver,6877.597979015624 kBTU
2018-08-10T17:45:00-06:00 Denver,6237.821422828125 kBTU
2018-08-10T18:00:00-06:00 Denver,5224.84187553125 kBTU
2018-08-10T18:15:00-06:00 Denver,7250.800970124999 kBTU
2018-08-10T18:30:00-06:00 Denver,5438.10072759375 kBTU
2018-08-10T18:45:00-06:00 Denver,5358.128658070313 kBTU
2018-08-10T19:00:00-06:00 Denver,6291.136135843751 kBTU
2018-08-10T19:15:00-06:00 Denver,3812.001980617187 kBTU
2018-08-10T19:30:00-06:00 Denver,5917.933144734376 kBTU
2018-08-10T19:45:00-06:00 Denver,4318.491754265625 kBTU
2018-08-10T20:00:00-06:00 Denver,4451.778536804688 kBTU
2018-08-10T20:15:00-06:00 Denver,4745.009458390626 kBTU
2018-08-10T20:30:00-06:00 Denver,399.86034761718753 kBTU
2018-08-10T20:45:00-06:00 Denver,213.2588520625 kBTU
2018-08-10T21:00:00-06:00 Denver,186.6014955546875 kBTU
2018-08-10T21:15:00-06:00 Denver,133.2867825390625 kBTU
2018-08-10T21:30:00-06:00 Denver,293.2309215859375 kBTU
2018-08-10T21:45:00-06:00 Denver,239.9162085703125 kBTU
2018-08-10T22:00:00-06:00 Denver,159.944139046875 kBTU
2018-08-10T22:15:00-06:00 Denver,266.573565078125 kBTU
2018-08-10T22:30:00-06:00 Denver,213.2588520625 kBTU
2018-08-10T22:45:00-06:00 Denver,213.2588520625 kBTU
2018-08-10T23:00:00-06:00 Denver,159.944139046875 kBTU
2018-08-10T23:15:00-06:00 Denver,133.2867825390625 kBTU
2018-08-10T23:30:00-06:00 Denver,186.6014955546875 kBTU
2018-08-10T23:45:00-06:00 Denver,266.573565078125 kBTU
2018-08-11T00:00:00-06:00 Denver,186.6014955546875 kBTU
2018-08-11T00:15:00-06:00 Denver,293.2309215859375 kBTU
2018-08-11T00:30:00-06:00 Denver,186.6014955546875 kBTU
2018-08-11T00:45:00-06:00 Denver,213.2588520625 kBTU
2018-08-11T01:00:00-06:00 Denver,159.944139046875 kBTU
2018-08-11T01:15:00-06:00 Denver,293.2309215859375 kBTU
2018-08-11T01:30:00-06:00 Denver,159.944139046875 kBTU
2018-08-11T01:45:00-06:00 Denver,133.2867825390625 kBTU
2018-08-11T02:00:00-06:00 Denver,186.6014955546875 kBTU
2018-08-11T02:15:00-06:00 Denver,159.944139046875 kBTU
2018-08-11T02:30:00-06:00 Denver,213.2588520625 kBTU
2018-08-11T02:45:00-06:00 Denver,346.54563460156254 kBTU
2018-08-11T03:00:00-06:00 Denver,319.88827809375 kBTU
2018-08-11T03:15:00-06:00 Denver,186.6014955546875 kBTU
2018-08-11T03:30:00-06:00 Denver,159.944139046875 kBTU
2018-08-11T03:45:00-06:00 Denver,133.2867825390625 kBTU
2018-08-11T04:00:00-06:00 Denver,186.6014955546875 kBTU
2018-08-11T04:15:00-06:00 Denver,239.9162085703125 kBTU
2018-08-11T04:30:00-06:00 Denver,3252.1974939531246 kBTU
2018-08-11T04:45:00-06:00 Denver,559.8044866640624 kBTU
2018-08-11T05:00:00-06:00 Denver,213.2588520625 kBTU
2018-08-11T05:15:00-06:00 Denver,319.88827809375 kBTU
2018-08-11T05:30:00-06:00 Denver,239.9162085703125 kBTU
2018-08-11T05:45:00-06:00 Denver,186.6014955546875 kBTU
2018-08-11T06:00:00-06:00 Denver,266.573565078125 kBTU
2018-08-11T06:15:00-06:00 Denver,159.944139046875 kBTU
2018-08-11T06:30:00-06:00 Denver,159.944139046875 kBTU
2018-08-11T06:45:00-06:00 Denver,159.944139046875 kBTU
2018-08-11T07:00:00-06:00 Denver,159.944139046875 kBTU
2018-08-11T07:15:00-06:00 Denver,133.2867825390625 kBTU
2018-08-11T07:30:00-06:00 Denver,453.17506063281246 kBTU
2018-08-11T07:45:00-06:00 Denver,319.88827809375 kBTU
2018-08-11T08:00:00-06:00 Denver,186.6014955546875 kBTU
2018-08-11T08:15:00-06:00 Denver,133.2867825390625 kBTU
2018-08-11T08:30:00-06:00 Denver,186.6014955546875 kBTU
2018-08-11T08:45:00-06:00 Denver,133.2867825390625 kBTU
2018-08-11T09:00:00-06:00 Denver,213.2588520625 kBTU
2018-08-11T09:15:00-06:00 Denver,239.9162085703125 kBTU
2018-08-11T09:30:00-06:00 Denver,133.2867825390625 kBTU
2018-08-11T09:45:00-06:00 Denver,186.6014955546875 kBTU
2018-08-11T10:00:00-06:00 Denver,293.2309215859375 kBTU
2018-08-11T10:15:00-06:00 Denver,239.9162085703125 kBTU
2018-08-11T10:30:00-06:00 Denver,293.2309215859375 kBTU
2018-08-11T10:45:00-06:00 Denver,213.2588520625 kBTU
2018-08-11T11:00:00-06:00 Denver,133.2867825390625 kBTU
2018-08-11T11:15:00-06:00 Denver,133.2867825390625 kBTU
2018-08-11T11:30:00-06:00 Denver,159.944139046875 kBTU
2018-08-11T11:45:00-06:00 Denver,159.944139046875 kBTU
2018-08-11T12:00:00-06:00 Denver,186.6014955546875 kBTU
2018-08-11T12:15:00-06:00 Denver,319.88827809375 kBTU
2018-08-11T12:30:00-06:00 Denver,239.9162085703125 kBTU
2018-08-11T12:45:00-06:00 Denver,239.9162085703125 kBTU
2018-08-11T13:00:00-06:00 Denver,186.6014955546875 kBTU
2018-08-11T13:15:00-06:00 Denver,133.2867825390625 kBTU
2018-08-11T13:30:00-06:00 Denver,159.944139046875 kBTU
2018-08-11T13:45:00-06:00 Denver,266.573565078125 kBTU
2018-08-11T14:00:00-06:00 Denver,159.944139046875 kBTU
2018-08-11T14:15:00-06:00 Denver,213.2588520625 kBTU
2018-08-11T14:30:00-06:00 Denver,159.944139046875 kBTU
2018-08-11T14:45:00-06:00 Denver,133.2867825390625 kBTU
2018-08-11T15:00:00-06:00 Denver,293.2309215859375 kBTU
2018-08-11T15:15:00-06:00 Denver,239.9162085703125 kBTU
2018-08-11T15:30:00-06:00 Denver,266.573565078125 kBTU
2018-08-11T15:45:00-06:00 Denver,133.2867825390625 kBTU
2018-08-11T16:00:00-06:00 Denver,133.2867825390625 kBTU
2018-08-11T16:15:00-06:00 Denver,186.6014955546875 kBTU
2018-08-11T16:30:00-06:00 Denver,186.6014955546875 kBTU
2018-08-11T16:45:00-06:00 Denver,186.6014955546875 kBTU
2018-08-11T17:00:00-06:00 Denver,266.573565078125 kBTU
2018-08-11T17:15:00-06:00 Denver,2612.420937765625 kBTU
2018-08-11T17:30:00-06:00 Denver,2319.1900161796875 kBTU
2018-08-11T17:45:00-06:00 Denver,239.9162085703125 kBTU
2018-08-11T18:00:00-06:00 Denver,186.6014955546875 kBTU
2018-08-11T18:15:00-06:00 Denver,133.2867825390625 kBTU
2018-08-11T18:30:00-06:00 Denver,346.54563460156254 kBTU
2018-08-11T18:45:00-06:00 Denver,186.6014955546875 kBTU
2018-08-11T19:00:00-06:00 Denver,159.944139046875 kBTU
2018-08-11T19:15:00-06:00 Denver,159.944139046875 kBTU
2018-08-11T19:30:00-06:00 Denver,133.2867825390625 kBTU
2018-08-11T19:45:00-06:00 Denver,239.9162085703125 kBTU
2018-08-11T20:00:00-06:00 Denver,346.54563460156254 kBTU
2018-08-11T20:15:00-06:00 Denver,239.9162085703125 kBTU
2018-08-11T20:30:00-06:00 Denver,133.2867825390625 kBTU
2018-08-11T20:45:00-06:00 Denver,239.9162085703125 kBTU
2018-08-11T21:00:00-06:00 Denver,159.944139046875 kBTU
2018-08-11T21:15:00-06:00 Denver,133.2867825390625 kBTU
2018-08-11T21:30:00-06:00 Denver,293.2309215859375 kBTU
2018-08-11T21:45:00-06:00 Denver,133.2867825390625 kBTU
2018-08-11T22:00:00-06:00 Denver,159.944139046875 kBTU
2018-08-11T22:15:00-06:00 Denver,239.9162085703125 kBTU
2018-08-11T22:30:00-06:00 Denver,266.573565078125 kBTU
2018-08-11T22:45:00-06:00 Denver,239.9162085703125 kBTU
2018-08-11T23:00:00-06:00 Denver,373.202991109375 kBTU
2018-08-11T23:15:00-06:00 Denver,133.2867825390625 kBTU
2018-08-11T23:30:00-06:00 Denver,186.6014955546875 kBTU
2018-08-11T23:45:00-06:00 Denver,133.2867825390625 kBTU
2018-08-12T00:00:00-06:00 Denver,159.944139046875 kBTU
2018-08-12T00:15:00-06:00 Denver,159.944139046875 kBTU
2018-08-12T00:30:00-06:00 Denver,266.573565078125 kBTU
2018-08-12T00:45:00-06:00 Denver,266.573565078125 kBTU
2018-08-12T01:00:00-06:00 Denver,266.573565078125 kBTU
2018-08-12T01:15:00-06:00 Denver,239.9162085703125 kBTU
2018-08-12T01:30:00-06:00 Denver,213.2588520625 kBTU
2018-08-12T01:45:00-06:00 Denver,133.2867825390625 kBTU
2018-08-12T02:00:00-06:00 Denver,266.573565078125 kBTU
2018-08-12T02:15:00-06:00 Denver,186.6014955546875 kBTU
2018-08-12T02:30:00-06:00 Denver,133.2867825390625 kBTU
2018-08-12T02:45:00-06:00 Denver,159.944139046875 kBTU
2018-08-12T03:00:00-06:00 Denver,213.2588520625 kBTU
2018-08-12T03:15:00-06:00 Denver,266.573565078125 kBTU
2018-08-12T03:30:00-06:00 Denver,266.573565078125 kBTU
2018-08-12T03:45:00-06:00 Denver,239.9162085703125 kBTU
2018-08-12T04:00:00-06:00 Denver,186.6014955546875 kBTU
2018-08-12T04:15:00-06:00 Denver,239.9162085703125 kBTU
2018-08-12T04:30:00-06:00 Denver,133.2867825390625 kBTU
2018-08-12T04:45:00-06:00 Denver,159.944139046875 kBTU
2018-08-12T05:00:00-06:00 Denver,133.2867825390625 kBTU
2018-08-12T05:15:00-06:00 Denver,319.88827809375 kBTU
2018-08-12T05:30:00-06:00 Denver,239.9162085703125 kBTU
2018-08-12T05:45:00-06:00 Denver,2825.679789828125 kBTU
2018-08-12T06:00:00-06:00 Denver,1066.2942603125 kBTU
2018-08-12T06:15:00-06:00 Denver,133.2867825390625 kBTU
2018-08-12T06:30:00-06:00 Denver,239.9162085703125 kBTU
2018-08-12T06:45:00-06:00 Denver,293.2309215859375 kBTU
2018-08-12T07:00:00-06:00 Denver,133.2867825390625 kBTU
2018-08-12T07:15:00-06:00 Denver,186.6014955546875 kBTU
2018-08-12T07:30:00-06:00 Denver,133.2867825390625 kBTU
2018-08-12T07:45:00-06:00 Denver,213.2588520625 kBTU
2018-08-12T08:00:00-06:00 Denver,266.573565078125 kBTU
2018-08-12T08:15:00-06:00 Denver,346.54563460156254 kBTU
2018-08-12T08:30:00-06:00 Denver,133.2867825390625 kBTU
2018-08-12T08:45:00-06:00 Denver,239.9162085703125 kBTU
2018-08-12T09:00:00-06:00 Denver,159.944139046875 kBTU
2018-08-12T09:15:00-06:00 Denver,186.6014955546875 kBTU
2018-08-12T09:30:00-06:00 Denver,213.2588520625 kBTU
2018-08-12T09:45:00-06:00 Denver,186.6014955546875 kBTU
2018-08-12T10:00:00-06:00 Denver,133.2867825390625 kBTU
2018-08-12T10:15:00-06:00 Denver,239.9162085703125 kBTU
2018-08-12T10:30:00-06:00 Denver,293.2309215859375 kBTU
2018-08-12T10:45:00-06:00 Denver,239.9162085703125 kBTU
2018-08-12T11:00:00-06:00 Denver,346.54563460156254 kBTU
2018-08-12T11:15:00-06:00 Denver,213.2588520625 kBTU
2018-08-12T11:30:00-06:00 Denver,133.2867825390625 kBTU
2018-08-12T11:45:00-06:00 Denver,133.2867825390625 kBTU
2018-08-12T12:00:00-06:00 Denver,186.6014955546875 kBTU
2018-08-12T12:15:00-06:00 Denver,133.2867825390625 kBTU
2018-08-12T12:30:00-06:00 Denver,239.9162085703125 kBTU
2018-08-12T12:45:00-06:00 Denver,293.2309215859375 kBTU
2018-08-12T13:00:00-06:00 Denver,319.88827809375 kBTU
2018-08-12T13:15:00-06:00 Denver,293.2309215859375 kBTU
2018-08-12T13:30:00-06:00 Denver,213.2588520625 kBTU
2018-08-12T13:45:00-06:00 Denver,133.2867825390625 kBTU
2018-08-12T14:00:00-06:00 Denver,133.2867825390625 kBTU
2018-08-12T14:15:00-06:00 Denver,266.573565078125 kBTU
2018-08-12T14:30:00-06:00 Denver,186.6014955546875 kBTU
2018-08-12T14:45:00-06:00 Denver,266.573565078125 kBTU
2018-08-12T15:00:00-06:00 Denver,773.0633387265625 kBTU
2018-08-12T15:15:00-06:00 Denver,853.03540825 kBTU
2018-08-12T15:30:00-06:00 Denver,3252.1974939531246 kBTU
2018-08-12T15:45:00-06:00 Denver,2532.4488682421875 kBTU
2018-08-12T16:00:00-06:00 Denver,133.2867825390625 kBTU
2018-08-12T16:15:00-06:00 Denver,133.2867825390625 kBTU
2018-08-12T16:30:00-06:00 Denver,346.54563460156254 kBTU
2018-08-12T16:45:00-06:00 Denver,3785.344624109375 kBTU
2018-08-12T17:00:00-06:00 Denver,4318.491754265625 kBTU
2018-08-12T17:15:00-06:00 Denver,3465.456346015625 kBTU
2018-08-12T17:30:00-06:00 Denver,293.2309215859375 kBTU
2018-08-12T17:45:00-06:00 Denver,986.3221907890625 kBTU
2018-08-12T18:00:00-06:00 Denver,6077.87728378125 kBTU
2018-08-12T18:15:00-06:00 Denver,506.4897736484375 kBTU
2018-08-12T18:30:00-06:00 Denver,159.944139046875 kBTU
2018-08-12T18:45:00-06:00 Denver,2772.3650768125003 kBTU
2018-08-12T19:00:00-06:00 Denver,399.86034761718753 kBTU
2018-08-12T19:15:00-06:00 Denver,2745.7077203046874 kBTU
2018-08-12T19:30:00-06:00 Denver,186.6014955546875 kBTU
2018-08-12T19:45:00-06:00 Denver,159.944139046875 kBTU
2018-08-12T20:00:00-06:00 Denver,453.17506063281246 kBTU
2018-08-12T20:15:00-06:00 Denver,319.88827809375 kBTU
2018-08-12T20:30:00-06:00 Denver,186.6014955546875 kBTU
2018-08-12T20:45:00-06:00 Denver,159.944139046875 kBTU
2018-08-12T21:00:00-06:00 Denver,186.6014955546875 kBTU
2018-08-12T21:15:00-06:00 Denver,133.2867825390625 kBTU
2018-08-12T21:30:00-06:00 Denver,266.573565078125 kBTU
2018-08-12T21:45:00-06:00 Denver,159.944139046875 kBTU
2018-08-12T22:00:00-06:00 Denver,159.944139046875 kBTU
2018-08-12T22:15:00-06:00 Denver,239.9162085703125 kBTU
2018-08-12T22:30:00-06:00 Denver,266.573565078125 kBTU
2018-08-12T22:45:00-06:00 Denver,266.573565078125 kBTU
2018-08-12T23:00:00-06:00 Denver,346.54563460156254 kBTU
2018-08-12T23:15:00-06:00 Denver,159.944139046875 kBTU
2018-08-12T23:30:00-06:00 Denver,133.2867825390625 kBTU
2018-08-12T23:45:00-06:00 Denver,186.6014955546875 kBTU
2018-08-13T00:00:00-06:00 Denver,133.2867825390625 kBTU
2018-08-13T00:15:00-06:00 Denver,133.2867825390625 kBTU
2018-08-13T00:30:00-06:00 Denver,266.573565078125 kBTU
2018-08-13T00:45:00-06:00 Denver,266.573565078125 kBTU
2018-08-13T01:00:00-06:00 Denver,346.54563460156254 kBTU
2018-08-13T01:15:00-06:00 Denver,239.9162085703125 kBTU
2018-08-13T01:30:00-06:00 Denver,133.2867825390625 kBTU
2018-08-13T01:45:00-06:00 Denver,186.6014955546875 kBTU
2018-08-13T02:00:00-06:00 Denver,266.573565078125 kBTU
2018-08-13T02:15:00-06:00 Denver,133.2867825390625 kBTU
2018-08-13T02:30:00-06:00 Denver,159.944139046875 kBTU
2018-08-13T02:45:00-06:00 Denver,186.6014955546875 kBTU
2018-08-13T03:00:00-06:00 Denver,159.944139046875 kBTU
2018-08-13T03:15:00-06:00 Denver,319.88827809375 kBTU
2018-08-13T03:30:00-06:00 Denver,479.832417140625 kBTU
2018-08-13T03:45:00-06:00 Denver,133.2867825390625 kBTU
2018-08-13T04:00:00-06:00 Denver,159.944139046875 kBTU
2018-08-13T04:15:00-06:00 Denver,133.2867825390625 kBTU
2018-08-13T04:30:00-06:00 Denver,186.6014955546875 kBTU
2018-08-13T04:45:00-06:00 Denver,133.2867825390625 kBTU
2018-08-13T05:00:00-06:00 Denver,159.944139046875 kBTU
2018-08-13T05:15:00-06:00 Denver,293.2309215859375 kBTU
2018-08-13T05:30:00-06:00 Denver,266.573565078125 kBTU
2018-08-13T05:45:00-06:00 Denver,293.2309215859375 kBTU
2018-08-13T06:00:00-06:00 Denver,239.9162085703125 kBTU
2018-08-13T06:15:00-06:00 Denver,133.2867825390625 kBTU
2018-08-13T06:30:00-06:00 Denver,186.6014955546875 kBTU
2018-08-13T06:45:00-06:00 Denver,239.9162085703125 kBTU
2018-08-13T07:00:00-06:00 Denver,986.3221907890625 kBTU
2018-08-13T07:15:00-06:00 Denver,2799.0224333203123 kBTU
2018-08-13T07:30:00-06:00 Denver,6237.821422828125 kBTU
2018-08-13T07:45:00-06:00 Denver,7144.1715440937505 kBTU
2018-08-13T08:00:00-06:00 Denver,2212.5605901484373 kBTU
2018-08-13T08:15:00-06:00 Denver,4745.009458390626 kBTU
2018-08-13T08:30:00-06:00 Denver,2985.623928875 kBTU
2018-08-13T08:45:00-06:00 Denver,4505.093249820313 kBTU
2018-08-13T09:00:00-06:00 Denver,3385.4842764921877 kBTU
2018-08-13T09:15:00-06:00 Denver,4185.204971726563 kBTU
2018-08-13T09:30:00-06:00 Denver,4265.17704125 kBTU
2018-08-13T09:45:00-06:00 Denver,4105.2329022031245 kBTU
2018-08-13T10:00:00-06:00 Denver,4904.9535974375 kBTU
2018-08-13T10:15:00-06:00 Denver,4238.519684742188 kBTU
2018-08-13T10:30:00-06:00 Denver,5251.499232039063 kBTU
2018-08-13T10:45:00-06:00 Denver,3598.7431285546877 kBTU
2018-08-13T11:00:00-06:00 Denver,5304.813945054687 kBTU
2018-08-13T11:15:00-06:00 Denver,2905.6518593515625 kBTU
2018-08-13T11:30:00-06:00 Denver,6317.793492351562 kBTU
2018-08-13T11:45:00-06:00 Denver,3652.0578415703126 kBTU
2018-08-13T12:00:00-06:00 Denver,5411.4433710859375 kBTU
2018-08-13T12:15:00-06:00 Denver,4505.093249820313 kBTU
2018-08-13T12:30:00-06:00 Denver,4265.17704125 kBTU
2018-08-13T12:45:00-06:00 Denver,4958.268310453125 kBTU
2018-08-13T13:00:00-06:00 Denver,4398.463823789062 kBTU
2018-08-13T13:15:00-06:00 Denver,6850.940622507813 kBTU
2018-08-13T13:30:00-06:00 Denver,3518.7710590312504 kBTU
2018-08-13T13:45:00-06:00 Denver,6531.052344414063 kBTU
2018-08-13T14:00:00-06:00 Denver,4345.149110773437 kBTU
2018-08-13T14:15:00-06:00 Denver,6077.87728378125 kBTU
2018-08-13T14:30:00-06:00 Denver,5198.184519023438 kBTU
2018-08-13T14:45:00-06:00 Denver,5464.758084101562 kBTU
2018-08-13T15:00:00-06:00 Denver,6690.996483460937 kBTU
2018-08-13T15:15:00-06:00 Denver,5651.35957965625 kBTU
2018-08-13T15:30:00-06:00 Denver,7197.486257109375 kBTU
2018-08-13T15:45:00-06:00 Denver,5331.4713015625 kBTU
2018-08-13T16:00:00-06:00 Denver,7490.717178695313 kBTU
2018-08-13T16:15:00-06:00 Denver,4611.722675851563 kBTU
2018-08-13T16:30:00-06:00 Denver,6850.940622507813 kBTU
2018-08-13T16:45:00-06:00 Denver,5837.961075210937 kBTU
2018-08-13T17:00:00-06:00 Denver,4505.093249820313 kBTU
2018-08-13T17:15:00-06:00 Denver,7544.031891710937 kBTU
2018-08-13T17:30:00-06:00 Denver,5384.786014578125 kBTU
2018-08-13T17:45:00-06:00 Denver,6451.080274890625 kBTU
2018-08-13T18:00:00-06:00 Denver,4718.352101882812 kBTU
2018-08-13T18:15:00-06:00 Denver,5598.044866640625 kBTU
2018-08-13T18:30:00-06:00 Denver,6717.65383996875 kBTU
2018-08-13T18:45:00-06:00 Denver,4585.06531934375 kBTU
2018-08-13T19:00:00-06:00 Denver,6717.65383996875 kBTU
2018-08-13T19:15:00-06:00 Denver,3598.7431285546877 kBTU
2018-08-13T19:30:00-06:00 Denver,6131.191996796875 kBTU
2018-08-13T19:45:00-06:00 Denver,4158.54761521875 kBTU
2018-08-13T20:00:00-06:00 Denver,4878.296240929688 kBTU
2018-08-13T20:15:00-06:00 Denver,4371.806467281251 kBTU
2018-08-13T20:30:00-06:00 Denver,533.14713015625 kBTU
2018-08-13T20:45:00-06:00 Denver,266.573565078125 kBTU
2018-08-13T21:00:00-06:00 Denver,293.2309215859375 kBTU
2018-08-13T21:15:00-06:00 Denver,159.944139046875 kBTU
2018-08-13T21:30:00-06:00 Denver,239.9162085703125 kBTU
2018-08-13T21:45:00-06:00 Denver,159.944139046875 kBTU
2018-08-13T22:00:00-06:00 Denver,133.2867825390625 kBTU
2018-08-13T22:15:00-06:00 Denver,186.6014955546875 kBTU
2018-08-13T22:30:00-06:00 Denver,266.573565078125 kBTU
2018-08-13T22:45:00-06:00 Denver,133.2867825390625 kBTU
2018-08-13T23:00:00-06:00 Denver,266.573565078125 kBTU
2018-08-13T23:15:00-06:00 Denver,239.9162085703125 kBTU
2018-08-13T23:30:00-06:00 Denver,213.2588520625 kBTU
2018-08-13T23:45:00-06:00 Denver,239.9162085703125 kBTU
2018-08-14T00:00:00-06:00 Denver,266.573565078125 kBTU
2018-08-14T00:15:00-06:00 Denver,133.2867825390625 kBTU
2018-08-14T00:30:00-06:00 Denver,186.6014955546875 kBTU
2018-08-14T00:45:00-06:00 Denver,133.2867825390625 kBTU
2018-08-14T01:00:00-06:00 Denver,159.944139046875 kBTU
2018-08-14T01:15:00-06:00 Denver,133.2867825390625 kBTU
2018-08-14T01:30:00-06:00 Denver,399.86034761718753 kBTU
2018-08-14T01:45:00-06:00 Denver,293.2309215859375 kBTU
2018-08-14T02:00:00-06:00 Denver,239.9162085703125 kBTU
2018-08-14T02:15:00-06:00 Denver,159.944139046875 kBTU
2018-08-14T02:30:00-06:00 Denver,159.944139046875 kBTU
2018-08-14T02:45:00-06:00 Denver,159.944139046875 kBTU
2018-08-14T03:00:00-06:00 Denver,239.9162085703125 kBTU
2018-08-14T03:15:00-06:00 Denver,159.944139046875 kBTU
2018-08-14T03:30:00-06:00 Denver,186.6014955546875 kBTU
2018-08-14T03:45:00-06:00 Denver,133.2867825390625 kBTU
2018-08-14T04:00:00-06:00 Denver,293.2309215859375 kBTU
2018-08-14T04:15:00-06:00 Denver,319.88827809375 kBTU
2018-08-14T04:30:00-06:00 Denver,293.2309215859375 kBTU
2018-08-14T04:45:00-06:00 Denver,133.2867825390625 kBTU
2018-08-14T05:00:00-06:00 Denver,159.944139046875 kBTU
2018-08-14T05:15:00-06:00 Denver,159.944139046875 kBTU
2018-08-14T05:30:00-06:00 Denver,133.2867825390625 kBTU
2018-08-14T05:45:00-06:00 Denver,186.6014955546875 kBTU
2018-08-14T06:00:00-06:00 Denver,186.6014955546875 kBTU
2018-08-14T06:15:00-06:00 Denver,239.9162085703125 kBTU
2018-08-14T06:30:00-06:00 Denver,319.88827809375 kBTU
2018-08-14T06:45:00-06:00 Denver,373.202991109375 kBTU
2018-08-14T07:00:00-06:00 Denver,186.6014955546875 kBTU
2018-08-14T07:15:00-06:00 Denver,159.944139046875 kBTU
2018-08-14T07:30:00-06:00 Denver,6984.227405046875 kBTU
2018-08-14T07:45:00-06:00 Denver,3678.715198078125 kBTU
2018-08-14T08:00:00-06:00 Denver,3038.938641890625 kBTU
2018-08-14T08:15:00-06:00 Denver,5624.702223148438 kBTU
2018-08-14T08:30:00-06:00 Denver,4265.17704125 kBTU
2018-08-14T08:45:00-06:00 Denver,4238.519684742188 kBTU
2018-08-14T09:00:00-06:00 Denver,3278.8548504609375 kBTU
2018-08-14T09:15:00-06:00 Denver,3785.344624109375 kBTU
2018-08-14T09:30:00-06:00 Denver,2799.0224333203123 kBTU
2018-08-14T09:45:00-06:00 Denver,5278.156588546875 kBTU
2018-08-14T10:00:00-06:00 Denver,4078.575545695313 kBTU
2018-08-14T10:15:00-06:00 Denver,4931.610953945313 kBTU
2018-08-14T10:30:00-06:00 Denver,5464.758084101562 kBTU
2018-08-14T10:45:00-06:00 Denver,3198.8827809375002 kBTU
2018-08-14T11:00:00-06:00 Denver,5198.184519023438 kBTU
2018-08-14T11:15:00-06:00 Denver,3332.169563476563 kBTU
2018-08-14T11:30:00-06:00 Denver,4851.6388844218745 kBTU
2018-08-14T11:45:00-06:00 Denver,4771.666814898437 kBTU
2018-08-14T12:00:00-06:00 Denver,4345.149110773437 kBTU
2018-08-14T12:15:00-06:00 Denver,5624.702223148438 kBTU
2018-08-14T12:30:00-06:00 Denver,3812.001980617187 kBTU
2018-08-14T12:45:00-06:00 Denver,6770.9685529843755 kBTU
2018-08-14T13:00:00-06:00 Denver,3998.603476171875 kBTU
2018-08-14T13:15:00-06:00 Denver,6877.597979015624 kBTU
2018-08-14T13:30:00-06:00 Denver,4131.890258710938 kBTU
2018-08-14T13:45:00-06:00 Denver,7010.884761554687 kBTU
2018-08-14T14:00:00-06:00 Denver,5678.016936164062 kBTU
2018-08-14T14:15:00-06:00 Denver,7197.486257109375 kBTU
2018-08-14T14:30:00-06:00 Denver,4078.575545695313 kBTU
2018-08-14T14:45:00-06:00 Denver,6477.737631398438 kBTU
2018-08-14T15:00:00-06:00 Denver,5571.387510132813 kBTU
2018-08-14T15:15:00-06:00 Denver,5757.9890056875 kBTU
2018-08-14T15:30:00-06:00 Denver,5837.961075210937 kBTU
2018-08-14T15:45:00-06:00 Denver,4878.296240929688 kBTU
2018-08-14T16:00:00-06:00 Denver,7570.68924821875 kBTU
2018-08-14T16:15:00-06:00 Denver,5091.555092992187 kBTU
2018-08-14T16:30:00-06:00 Denver,5864.61843171875 kBTU
2018-08-14T16:45:00-06:00 Denver,6877.597979015624 kBTU
2018-08-14T17:00:00-06:00 Denver,4958.268310453125 kBTU
2018-08-14T17:15:00-06:00 Denver,6371.108205367188 kBTU
2018-08-14T17:30:00-06:00 Denver,6264.478779335937 kBTU
2018-08-14T17:45:00-06:00 Denver,4585.06531934375 kBTU
2018-08-14T18:00:00-06:00 Denver,5944.590501242188 kBTU
2018-08-14T18:15:00-06:00 Denver,4478.4358933124995 kBTU
2018-08-14T18:30:00-06:00 Denver,5358.128658070313 kBTU
2018-08-14T18:45:00-06:00 Denver,6371.108205367188 kBTU
2018-08-14T19:00:00-06:00 Denver,4025.260832679687 kBTU
2018-08-14T19:15:00-06:00 Denver,5704.674292671875 kBTU
2018-08-14T19:30:00-06:00 Denver,5251.499232039063 kBTU
2018-08-14T19:45:00-06:00 Denver,4158.54761521875 kBTU
2018-08-14T20:00:00-06:00 Denver,5358.128658070313 kBTU
2018-08-14T20:15:00-06:00 Denver,3118.9107114140625 kBTU
2018-08-14T20:30:00-06:00 Denver,559.8044866640624 kBTU
2018-08-14T20:45:00-06:00 Denver,319.88827809375 kBTU
2018-08-14T21:00:00-06:00 Denver,159.944139046875 kBTU
2018-08-14T21:15:00-06:00 Denver,186.6014955546875 kBTU
2018-08-14T21:30:00-06:00 Denver,186.6014955546875 kBTU
2018-08-14T21:45:00-06:00 Denver,293.2309215859375 kBTU
2018-08-14T22:00:00-06:00 Denver,239.9162085703125 kBTU
2018-08-14T22:15:00-06:00 Denver,133.2867825390625 kBTU
2018-08-14T22:30:00-06:00 Denver,0.0 kBTU
2018-08-14T22:45:00-06:00 Denver,266.573565078125 kBTU
2018-08-14T23:00:00-06:00 Denver,506.4897736484375 kBTU
2018-08-14T23:15:00-06:00 Denver,639.7765561875 kBTU
2018-08-14T23:30:00-06:00 Denver,1199.5810428515624 kBTU
2018-08-14T23:45:00-06:00 Denver,1466.1546079296875 kBTU
2018-08-15T00:00:00-06:00 Denver,53.314713015625 kBTU
2018-08-15T00:15:00-06:00 Denver,373.202991109375 kBTU
2018-08-15T00:30:00-06:00 Denver,186.6014955546875 kBTU
2018-08-15T00:45:00-06:00 Denver,0.0 kBTU
2018-08-15T01:00:00-06:00 Denver,0.0 kBTU
2018-08-15T01:15:00-06:00 Denver,239.9162085703125 kBTU
2018-08-15T01:30:00-06:00 Denver,186.6014955546875 kBTU
2018-08-15T01:45:00-06:00 Denver,186.6014955546875 kBTU
2018-08-15T02:00:00-06:00 Denver,186.6014955546875 kBTU
2018-08-15T02:15:00-06:00 Denver,159.944139046875 kBTU
2018-08-15T02:30:00-06:00 Denver,239.9162085703125 kBTU
2018-08-15T02:45:00-06:00 Denver,479.832417140625 kBTU
2018-08-15T03:00:00-06:00 Denver,319.88827809375 kBTU
2018-08-15T03:15:00-06:00 Denver,159.944139046875 kBTU
2018-08-15T03:30:00-06:00 Denver,159.944139046875 kBTU
2018-08-15T03:45:00-06:00 Denver,213.2588520625 kBTU
2018-08-15T04:00:00-06:00 Denver,159.944139046875 kBTU
2018-08-15T04:15:00-06:00 Denver,319.88827809375 kBTU
2018-08-15T04:30:00-06:00 Denver,159.944139046875 kBTU
2018-08-15T04:45:00-06:00 Denver,213.2588520625 kBTU
2018-08-15T05:00:00-06:00 Denver,266.573565078125 kBTU
2018-08-15T05:15:00-06:00 Denver,346.54563460156254 kBTU
2018-08-15T05:30:00-06:00 Denver,266.573565078125 kBTU
2018-08-15T05:45:00-06:00 Denver,293.2309215859375 kBTU
2018-08-15T06:00:00-06:00 Denver,159.944139046875 kBTU
2018-08-15T06:15:00-06:00 Denver,159.944139046875 kBTU
2018-08-15T06:30:00-06:00 Denver,1199.5810428515624 kBTU
2018-08-15T06:45:00-06:00 Denver,2345.8473726875 kBTU
2018-08-15T07:00:00-06:00 Denver,319.88827809375 kBTU
2018-08-15T07:15:00-06:00 Denver,213.2588520625 kBTU
2018-08-15T07:30:00-06:00 Denver,5997.905214257813 kBTU
2018-08-15T07:45:00-06:00 Denver,2825.679789828125 kBTU
2018-08-15T08:00:00-06:00 Denver,1945.9870250703127 kBTU
2018-08-15T08:15:00-06:00 Denver,1919.3296685625 kBTU
2018-08-15T08:30:00-06:00 Denver,1972.644381578125 kBTU
2018-08-15T08:45:00-06:00 Denver,1919.3296685625 kBTU
2018-08-15T09:00:00-06:00 Denver,3758.6872676015623 kBTU
2018-08-15T09:15:00-06:00 Denver,1652.756103484375 kBTU
2018-08-15T09:30:00-06:00 Denver,3278.8548504609375 kBTU
2018-08-15T09:45:00-06:00 Denver,2905.6518593515625 kBTU
2018-08-15T10:00:00-06:00 Denver,3865.3166936328125 kBTU
2018-08-15T10:15:00-06:00 Denver,2692.3930072890626 kBTU
2018-08-15T10:30:00-06:00 Denver,3785.344624109375 kBTU
2018-08-15T10:45:00-06:00 Denver,3172.2254244296873 kBTU
2018-08-15T11:00:00-06:00 Denver,3545.4284155390624 kBTU
2018-08-15T11:15:00-06:00 Denver,2825.679789828125 kBTU
2018-08-15T11:30:00-06:00 Denver,4345.149110773437 kBTU
2018-08-15T11:45:00-06:00 Denver,2719.050363796875 kBTU
2018-08-15T12:00:00-06:00 Denver,5144.869806007812 kBTU
2018-08-15T12:15:00-06:00 Denver,3732.02991109375 kBTU
2018-08-15T12:30:00-06:00 Denver,5091.555092992187 kBTU
2018-08-15T12:45:00-06:00 Denver,6451.080274890625 kBTU
2018-08-15T13:00:00-06:00 Denver,3705.372554585938 kBTU
2018-08-15T13:15:00-06:00 Denver,5304.813945054687 kBTU
2018-08-15T13:30:00-06:00 Denver,2985.623928875 kBTU
2018-08-15T13:45:00-06:00 Denver,5384.786014578125 kBTU
2018-08-15T14:00:00-06:00 Denver,3172.2254244296873 kBTU
2018-08-15T14:15:00-06:00 Denver,5784.646362195313 kBTU
2018-08-15T14:30:00-06:00 Denver,4211.862328234375 kBTU
2018-08-15T14:45:00-06:00 Denver,6157.849353304688 kBTU
2018-08-15T15:00:00-06:00 Denver,3518.7710590312504 kBTU
2018-08-15T15:15:00-06:00 Denver,6211.1640663203125 kBTU
2018-08-15T15:30:00-06:00 Denver,3278.8548504609375 kBTU
2018-08-15T15:45:00-06:00 Denver,4958.268310453125 kBTU
2018-08-15T16:00:00-06:00 Denver,3625.4004850624997 kBTU
2018-08-15T16:15:00-06:00 Denver,5704.674292671875 kBTU
2018-08-15T16:30:00-06:00 Denver,4558.407962835938 kBTU
2018-08-15T16:45:00-06:00 Denver,5917.933144734376 kBTU
2018-08-15T17:00:00-06:00 Denver,4611.722675851563 kBTU
2018-08-15T17:15:00-06:00 Denver,4878.296240929688 kBTU
2018-08-15T17:30:00-06:00 Denver,5278.156588546875 kBTU
2018-08-15T17:45:00-06:00 Denver,4851.6388844218745 kBTU
2018-08-15T18:00:00-06:00 Denver,4798.32417140625 kBTU
2018-08-15T18:15:00-06:00 Denver,4131.890258710938 kBTU
2018-08-15T18:30:00-06:00 Denver,4265.17704125 kBTU
2018-08-15T18:45:00-06:00 Denver,3145.5680679218754 kBTU
2018-08-15T19:00:00-06:00 Denver,5118.2124495 kBTU
2018-08-15T19:15:00-06:00 Denver,3305.51220696875 kBTU
2018-08-15T19:30:00-06:00 Denver,5091.555092992187 kBTU
2018-08-15T19:45:00-06:00 Denver,2079.273807609375 kBTU
2018-08-15T20:00:00-06:00 Denver,5118.2124495 kBTU
2018-08-15T20:15:00-06:00 Denver,3438.798989507812 kBTU
2018-08-15T20:30:00-06:00 Denver,479.832417140625 kBTU
2018-08-15T20:45:00-06:00 Denver,346.54563460156254 kBTU
2018-08-15T21:00:00-06:00 Denver,346.54563460156254 kBTU
2018-08-15T21:15:00-06:00 Denver,346.54563460156254 kBTU
2018-08-15T21:30:00-06:00 Denver,426.517704125 kBTU
2018-08-15T21:45:00-06:00 Denver,373.202991109375 kBTU
2018-08-15T22:00:00-06:00 Denver,453.17506063281246 kBTU
2018-08-15T22:15:00-06:00 Denver,346.54563460156254 kBTU
2018-08-15T22:30:00-06:00 Denver,319.88827809375 kBTU
2018-08-15T22:45:00-06:00 Denver,559.8044866640624 kBTU
2018-08-15T23:00:00-06:00 Denver,453.17506063281246 kBTU
2018-08-15T23:15:00-06:00 Denver,373.202991109375 kBTU
2018-08-15T23:30:00-06:00 Denver,319.88827809375 kBTU
2018-08-15T23:45:00-06:00 Denver,346.54563460156254 kBTU
2018-08-16T00:00:00-06:00 Denver,373.202991109375 kBTU
2018-08-16T00:15:00-06:00 Denver,479.832417140625 kBTU
2018-08-16T00:30:00-06:00 Denver,426.517704125 kBTU
2018-08-16T00:45:00-06:00 Denver,319.88827809375 kBTU
2018-08-16T01:00:00-06:00 Denver,346.54563460156254 kBTU
2018-08-16T01:15:00-06:00 Denver,453.17506063281246 kBTU
2018-08-16T01:30:00-06:00 Denver,533.14713015625 kBTU
2018-08-16T01:45:00-06:00 Denver,373.202991109375 kBTU
2018-08-16T02:00:00-06:00 Denver,399.86034761718753 kBTU
2018-08-16T02:15:00-06:00 Denver,319.88827809375 kBTU
2018-08-16T02:30:00-06:00 Denver,373.202991109375 kBTU
2018-08-16T02:45:00-06:00 Denver,426.517704125 kBTU
2018-08-16T03:00:00-06:00 Denver,426.517704125 kBTU
2018-08-16T03:15:00-06:00 Denver,373.202991109375 kBTU
2018-08-16T03:30:00-06:00 Denver,346.54563460156254 kBTU
2018-08-16T03:45:00-06:00 Denver,453.17506063281246 kBTU
2018-08-16T04:00:00-06:00 Denver,399.86034761718753 kBTU
2018-08-16T04:15:00-06:00 Denver,426.517704125 kBTU
2018-08-16T04:30:00-06:00 Denver,426.517704125 kBTU
2018-08-16T04:45:00-06:00 Denver,346.54563460156254 kBTU
2018-08-16T05:00:00-06:00 Denver,399.86034761718753 kBTU
2018-08-16T05:15:00-06:00 Denver,2985.623928875 kBTU
2018-08-16T05:30:00-06:00 Denver,1039.6369038046876 kBTU
2018-08-16T05:45:00-06:00 Denver,346.54563460156254 kBTU
2018-08-16T06:00:00-06:00 Denver,479.832417140625 kBTU
2018-08-16T06:15:00-06:00 Denver,426.517704125 kBTU
2018-08-16T06:30:00-06:00 Denver,399.86034761718753 kBTU
2018-08-16T06:45:00-06:00 Denver,346.54563460156254 kBTU
2018-08-16T07:00:00-06:00 Denver,293.2309215859375 kBTU
2018-08-16T07:15:00-06:00 Denver,373.202991109375 kBTU
2018-08-16T07:30:00-06:00 Denver,6424.422918382812 kBTU
2018-08-16T07:45:00-06:00 Denver,2079.273807609375 kBTU
2018-08-16T08:00:00-06:00 Denver,2025.95909459375 kBTU
2018-08-16T08:15:00-06:00 Denver,1999.3017380859376 kBTU
2018-08-16T08:30:00-06:00 Denver,3145.5680679218754 kBTU
2018-08-16T08:45:00-06:00 Denver,2852.3371463359376 kBTU
2018-08-16T09:00:00-06:00 Denver,2265.8753031640626 kBTU
2018-08-16T09:15:00-06:00 Denver,3198.8827809375002 kBTU
2018-08-16T09:30:00-06:00 Denver,3012.2812853828127 kBTU
2018-08-16T09:45:00-06:00 Denver,2852.3371463359376 kBTU
2018-08-16T10:00:00-06:00 Denver,3705.372554585938 kBTU
2018-08-16T10:15:00-06:00 Denver,2479.1341552265626 kBTU
2018-08-16T10:30:00-06:00 Denver,3492.1137025234375 kBTU
2018-08-16T10:45:00-06:00 Denver,3252.1974939531246 kBTU
2018-08-16T11:00:00-06:00 Denver,3891.9740501406254 kBTU
2018-08-16T11:15:00-06:00 Denver,3945.28876315625 kBTU
2018-08-16T11:30:00-06:00 Denver,3678.715198078125 kBTU
2018-08-16T11:45:00-06:00 Denver,4638.380032359375 kBTU
2018-08-16T12:00:00-06:00 Denver,3545.4284155390624 kBTU
2018-08-16T12:15:00-06:00 Denver,4291.834397757812 kBTU
2018-08-16T12:30:00-06:00 Denver,3172.2254244296873 kBTU
2018-08-16T12:45:00-06:00 Denver,4158.54761521875 kBTU
2018-08-16T13:00:00-06:00 Denver,4318.491754265625 kBTU
2018-08-16T13:15:00-06:00 Denver,4691.694745375 kBTU
2018-08-16T13:30:00-06:00 Denver,4185.204971726563 kBTU
2018-08-16T13:45:00-06:00 Denver,5571.387510132813 kBTU
2018-08-16T14:00:00-06:00 Denver,4931.610953945313 kBTU
2018-08-16T14:15:00-06:00 Denver,5624.702223148438 kBTU
2018-08-16T14:30:00-06:00 Denver,3812.001980617187 kBTU
2018-08-16T14:45:00-06:00 Denver,7037.542118062501 kBTU
2018-08-16T15:00:00-06:00 Denver,4051.9181891875 kBTU
2018-08-16T15:15:00-06:00 Denver,6690.996483460937 kBTU
2018-08-16T15:30:00-06:00 Denver,4718.352101882812 kBTU
2018-08-16T15:45:00-06:00 Denver,6797.625909492187 kBTU
2018-08-16T16:00:00-06:00 Denver,4771.666814898437 kBTU
2018-08-16T16:15:00-06:00 Denver,6397.7655618750005 kBTU
2018-08-16T16:30:00-06:00 Denver,4425.121180296875 kBTU
2018-08-16T16:45:00-06:00 Denver,6477.737631398438 kBTU
2018-08-16T17:00:00-06:00 Denver,3678.715198078125 kBTU
2018-08-16T17:15:00-06:00 Denver,6984.227405046875 kBTU
2018-08-16T17:30:00-06:00 Denver,4238.519684742188 kBTU
2018-08-16T17:45:00-06:00 Denver,5331.4713015625 kBTU
2018-08-16T18:00:00-06:00 Denver,5118.2124495 kBTU
2018-08-16T18:15:00-06:00 Denver,5171.527162515626 kBTU
2018-08-16T18:30:00-06:00 Denver,4824.981527914063 kBTU
2018-08-16T18:45:00-06:00 Denver,4505.093249820313 kBTU
2018-08-16T19:00:00-06:00 Denver,5864.61843171875 kBTU
2018-08-16T19:15:00-06:00 Denver,3758.6872676015623 kBTU
2018-08-16T19:30:00-06:00 Denver,5784.646362195313 kBTU
2018-08-16T19:45:00-06:00 Denver,3038.938641890625 kBTU
2018-08-16T20:00:00-06:00 Denver,3865.3166936328125 kBTU
2018-08-16T20:15:00-06:00 Denver,3438.798989507812 kBTU
2018-08-16T20:30:00-06:00 Denver,933.0074777734375 kBTU
2018-08-16T20:45:00-06:00 Denver,373.202991109375 kBTU
2018-08-16T21:00:00-06:00 Denver,239.9162085703125 kBTU
2018-08-16T21:15:00-06:00 Denver,239.9162085703125 kBTU
2018-08-16T21:30:00-06:00 Denver,266.573565078125 kBTU
2018-08-16T21:45:00-06:00 Denver,346.54563460156254 kBTU
2018-08-16T22:00:00-06:00 Denver,239.9162085703125 kBTU
2018-08-16T22:15:00-06:00 Denver,293.2309215859375 kBTU
2018-08-16T22:30:00-06:00 Denver,239.9162085703125 kBTU
2018-08-16T22:45:00-06:00 Denver,213.2588520625 kBTU
2018-08-16T23:00:00-06:00 Denver,293.2309215859375 kBTU
2018-08-16T23:15:00-06:00 Denver,213.2588520625 kBTU
2018-08-16T23:30:00-06:00 Denver,346.54563460156254 kBTU
2018-08-16T23:45:00-06:00 Denver,239.9162085703125 kBTU
2018-08-17T00:00:00-06:00 Denver,266.573565078125 kBTU
2018-08-17T00:15:00-06:00 Denver,319.88827809375 kBTU
2018-08-17T00:30:00-06:00 Denver,266.573565078125 kBTU
2018-08-17T00:45:00-06:00 Denver,213.2588520625 kBTU
2018-08-17T01:00:00-06:00 Denver,319.88827809375 kBTU
2018-08-17T01:15:00-06:00 Denver,319.88827809375 kBTU
2018-08-17T01:30:00-06:00 Denver,239.9162085703125 kBTU
2018-08-17T01:45:00-06:00 Denver,213.2588520625 kBTU
2018-08-17T02:00:00-06:00 Denver,186.6014955546875 kBTU
2018-08-17T02:15:00-06:00 Denver,266.573565078125 kBTU
2018-08-17T02:30:00-06:00 Denver,346.54563460156254 kBTU
2018-08-17T02:45:00-06:00 Denver,319.88827809375 kBTU
2018-08-17T03:00:00-06:00 Denver,266.573565078125 kBTU
2018-08-17T03:15:00-06:00 Denver,239.9162085703125 kBTU
2018-08-17T03:30:00-06:00 Denver,266.573565078125 kBTU
2018-08-17T03:45:00-06:00 Denver,346.54563460156254 kBTU
2018-08-17T04:00:00-06:00 Denver,213.2588520625 kBTU
2018-08-17T04:15:00-06:00 Denver,239.9162085703125 kBTU
2018-08-17T04:30:00-06:00 Denver,186.6014955546875 kBTU
2018-08-17T04:45:00-06:00 Denver,213.2588520625 kBTU
2018-08-17T05:00:00-06:00 Denver,373.202991109375 kBTU
2018-08-17T05:15:00-06:00 Denver,1226.238399359375 kBTU
2018-08-17T05:30:00-06:00 Denver,2665.73565078125 kBTU
2018-08-17T05:45:00-06:00 Denver,266.573565078125 kBTU
2018-08-17T06:00:00-06:00 Denver,213.2588520625 kBTU
2018-08-17T06:15:00-06:00 Denver,346.54563460156254 kBTU
2018-08-17T06:30:00-06:00 Denver,959.66483428125 kBTU
2018-08-17T06:45:00-06:00 Denver,186.6014955546875 kBTU
2018-08-17T07:00:00-06:00 Denver,213.2588520625 kBTU
2018-08-17T07:15:00-06:00 Denver,213.2588520625 kBTU
2018-08-17T07:30:00-06:00 Denver,5757.9890056875 kBTU
2018-08-17T07:45:00-06:00 Denver,2212.5605901484373 kBTU
2018-08-17T08:00:00-06:00 Denver,2079.273807609375 kBTU
2018-08-17T08:15:00-06:00 Denver,3065.5959983984376 kBTU
2018-08-17T08:30:00-06:00 Denver,1892.6723120546876 kBTU
2018-08-17T08:45:00-06:00 Denver,2852.3371463359376 kBTU
2018-08-17T09:00:00-06:00 Denver,3118.9107114140625 kBTU
2018-08-17T09:15:00-06:00 Denver,2612.420937765625 kBTU
2018-08-17T09:30:00-06:00 Denver,3971.9461196640627 kBTU
2018-08-17T09:45:00-06:00 Denver,3038.938641890625 kBTU
2018-08-17T10:00:00-06:00 Denver,4025.260832679687 kBTU
2018-08-17T10:15:00-06:00 Denver,4771.666814898437 kBTU
2018-08-17T10:30:00-06:00 Denver,3172.2254244296873 kBTU
2018-08-17T10:45:00-06:00 Denver,4984.925666960938 kBTU
2018-08-17T11:00:00-06:00 Denver,3652.0578415703126 kBTU
2018-08-17T11:15:00-06:00 Denver,3145.5680679218754 kBTU
2018-08-17T11:30:00-06:00 Denver,4531.750606328125 kBTU
2018-08-17T11:45:00-06:00 Denver,3278.8548504609375 kBTU
2018-08-17T12:00:00-06:00 Denver,4851.6388844218745 kBTU
2018-08-17T12:15:00-06:00 Denver,3545.4284155390624 kBTU
2018-08-17T12:30:00-06:00 Denver,4051.9181891875 kBTU
2018-08-17T12:45:00-06:00 Denver,6451.080274890625 kBTU
2018-08-17T13:00:00-06:00 Denver,3092.25335490625 kBTU
2018-08-17T13:15:00-06:00 Denver,5678.016936164062 kBTU
2018-08-17T13:30:00-06:00 Denver,5651.35957965625 kBTU
2018-08-17T13:45:00-06:00 Denver,4105.2329022031245 kBTU
2018-08-17T14:00:00-06:00 Denver,5251.499232039063 kBTU
2018-08-17T14:15:00-06:00 Denver,4158.54761521875 kBTU
2018-08-17T14:30:00-06:00 Denver,9463.361560273437 kBTU
2018-08-17T14:45:00-06:00 Denver,5384.786014578125 kBTU
2018-08-17T15:00:00-06:00 Denver,5811.303718703125 kBTU
2018-08-17T15:15:00-06:00 Denver,6237.821422828125 kBTU
2018-08-17T15:30:00-06:00 Denver,5544.730153625001 kBTU
2018-08-17T15:45:00-06:00 Denver,5678.016936164062 kBTU
2018-08-17T16:00:00-06:00 Denver,5864.61843171875 kBTU
2018-08-17T16:15:00-06:00 Denver,7570.68924821875 kBTU
2018-08-17T16:30:00-06:00 Denver,5011.58302346875 kBTU
2018-08-17T16:45:00-06:00 Denver,6557.709700921875 kBTU
2018-08-17T17:00:00-06:00 Denver,4958.268310453125 kBTU
2018-08-17T17:15:00-06:00 Denver,5464.758084101562 kBTU
2018-08-17T17:30:00-06:00 Denver,5811.303718703125 kBTU
2018-08-17T17:45:00-06:00 Denver,3838.659337125 kBTU
2018-08-17T18:00:00-06:00 Denver,5997.905214257813 kBTU
2018-08-17T18:15:00-06:00 Denver,3412.141633 kBTU
2018-08-17T18:30:00-06:00 Denver,5571.387510132813 kBTU
2018-08-17T18:45:00-06:00 Denver,3678.715198078125 kBTU
2018-08-17T19:00:00-06:00 Denver,3785.344624109375 kBTU
2018-08-17T19:15:00-06:00 Denver,3625.4004850624997 kBTU
2018-08-17T19:30:00-06:00 Denver,4638.380032359375 kBTU
2018-08-17T19:45:00-06:00 Denver,3678.715198078125 kBTU
2018-08-17T20:00:00-06:00 Denver,3492.1137025234375 kBTU
2018-08-17T20:15:00-06:00 Denver,4265.17704125 kBTU
2018-08-17T20:30:00-06:00 Denver,533.14713015625 kBTU
2018-08-17T20:45:00-06:00 Denver,239.9162085703125 kBTU
2018-08-17T21:00:00-06:00 Denver,239.9162085703125 kBTU
2018-08-17T21:15:00-06:00 Denver,266.573565078125 kBTU
2018-08-17T21:30:00-06:00 Denver,239.9162085703125 kBTU
2018-08-17T21:45:00-06:00 Denver,266.573565078125 kBTU
2018-08-17T22:00:00-06:00 Denver,213.2588520625 kBTU
2018-08-17T22:15:00-06:00 Denver,213.2588520625 kBTU
2018-08-17T22:30:00-06:00 Denver,293.2309215859375 kBTU
2018-08-17T22:45:00-06:00 Denver,239.9162085703125 kBTU
2018-08-17T23:00:00-06:00 Denver,319.88827809375 kBTU
2018-08-17T23:15:00-06:00 Denver,266.573565078125 kBTU
2018-08-17T23:30:00-06:00 Denver,213.2588520625 kBTU
2018-08-17T23:45:00-06:00 Denver,266.573565078125 kBTU
2018-08-18T00:00:00-06:00 Denver,373.202991109375 kBTU
2018-08-18T00:15:00-06:00 Denver,213.2588520625 kBTU
2018-08-18T00:30:00-06:00 Denver,186.6014955546875 kBTU
2018-08-18T00:45:00-06:00 Denver,213.2588520625 kBTU
2018-08-18T01:00:00-06:00 Denver,186.6014955546875 kBTU
2018-08-18T01:15:00-06:00 Denver,293.2309215859375 kBTU
2018-08-18T01:30:00-06:00 Denver,373.202991109375 kBTU
2018-08-18T01:45:00-06:00 Denver,266.573565078125 kBTU
2018-08-18T02:00:00-06:00 Denver,293.2309215859375 kBTU
2018-08-18T02:15:00-06:00 Denver,239.9162085703125 kBTU
2018-08-18T02:30:00-06:00 Denver,186.6014955546875 kBTU
2018-08-18T02:45:00-06:00 Denver,346.54563460156254 kBTU
2018-08-18T03:00:00-06:00 Denver,213.2588520625 kBTU
2018-08-18T03:15:00-06:00 Denver,159.944139046875 kBTU
2018-08-18T03:30:00-06:00 Denver,239.9162085703125 kBTU
2018-08-18T03:45:00-06:00 Denver,213.2588520625 kBTU
2018-08-18T04:00:00-06:00 Denver,426.517704125 kBTU
2018-08-18T04:15:00-06:00 Denver,346.54563460156254 kBTU
2018-08-18T04:30:00-06:00 Denver,239.9162085703125 kBTU
2018-08-18T04:45:00-06:00 Denver,239.9162085703125 kBTU
2018-08-18T05:00:00-06:00 Denver,213.2588520625 kBTU
2018-08-18T05:15:00-06:00 Denver,186.6014955546875 kBTU
2018-08-18T05:30:00-06:00 Denver,319.88827809375 kBTU
2018-08-18T05:45:00-06:00 Denver,213.2588520625 kBTU
2018-08-18T06:00:00-06:00 Denver,186.6014955546875 kBTU
2018-08-18T06:15:00-06:00 Denver,213.2588520625 kBTU
2018-08-18T06:30:00-06:00 Denver,373.202991109375 kBTU
2018-08-18T06:45:00-06:00 Denver,479.832417140625 kBTU
2018-08-18T07:00:00-06:00 Denver,213.2588520625 kBTU
2018-08-18T07:15:00-06:00 Denver,186.6014955546875 kBTU
2018-08-18T07:30:00-06:00 Denver,213.2588520625 kBTU
2018-08-18T07:45:00-06:00 Denver,213.2588520625 kBTU
2018-08-18T08:00:00-06:00 Denver,186.6014955546875 kBTU
2018-08-18T08:15:00-06:00 Denver,319.88827809375 kBTU
2018-08-18T08:30:00-06:00 Denver,213.2588520625 kBTU
2018-08-18T08:45:00-06:00 Denver,239.9162085703125 kBTU
2018-08-18T09:00:00-06:00 Denver,373.202991109375 kBTU
2018-08-18T09:15:00-06:00 Denver,293.2309215859375 kBTU
2018-08-18T09:30:00-06:00 Denver,239.9162085703125 kBTU
2018-08-18T09:45:00-06:00 Denver,266.573565078125 kBTU
2018-08-18T10:00:00-06:00 Denver,213.2588520625 kBTU
2018-08-18T10:15:00-06:00 Denver,213.2588520625 kBTU
2018-08-18T10:30:00-06:00 Denver,159.944139046875 kBTU
2018-08-18T10:45:00-06:00 Denver,213.2588520625 kBTU
2018-08-18T11:00:00-06:00 Denver,346.54563460156254 kBTU
2018-08-18T11:15:00-06:00 Denver,266.573565078125 kBTU
2018-08-18T11:30:00-06:00 Denver,346.54563460156254 kBTU
2018-08-18T11:45:00-06:00 Denver,293.2309215859375 kBTU
2018-08-18T12:00:00-06:00 Denver,213.2588520625 kBTU
2018-08-18T12:15:00-06:00 Denver,213.2588520625 kBTU
2018-08-18T12:30:00-06:00 Denver,293.2309215859375 kBTU
2018-08-18T12:45:00-06:00 Denver,159.944139046875 kBTU
2018-08-18T13:00:00-06:00 Denver,213.2588520625 kBTU
2018-08-18T13:15:00-06:00 Denver,213.2588520625 kBTU
2018-08-18T13:30:00-06:00 Denver,266.573565078125 kBTU
2018-08-18T13:45:00-06:00 Denver,266.573565078125 kBTU
2018-08-18T14:00:00-06:00 Denver,373.202991109375 kBTU
2018-08-18T14:15:00-06:00 Denver,319.88827809375 kBTU
2018-08-18T14:30:00-06:00 Denver,213.2588520625 kBTU
2018-08-18T14:45:00-06:00 Denver,746.40598221875 kBTU
2018-08-18T15:00:00-06:00 Denver,2985.623928875 kBTU
2018-08-18T15:15:00-06:00 Denver,319.88827809375 kBTU
2018-08-18T15:30:00-06:00 Denver,159.944139046875 kBTU
2018-08-18T15:45:00-06:00 Denver,293.2309215859375 kBTU
2018-08-18T16:00:00-06:00 Denver,239.9162085703125 kBTU
2018-08-18T16:15:00-06:00 Denver,186.6014955546875 kBTU
2018-08-18T16:30:00-06:00 Denver,319.88827809375 kBTU
2018-08-18T16:45:00-06:00 Denver,399.86034761718753 kBTU
2018-08-18T17:00:00-06:00 Denver,213.2588520625 kBTU
2018-08-18T17:15:00-06:00 Denver,186.6014955546875 kBTU
2018-08-18T17:30:00-06:00 Denver,213.2588520625 kBTU
2018-08-18T17:45:00-06:00 Denver,213.2588520625 kBTU
2018-08-18T18:00:00-06:00 Denver,266.573565078125 kBTU
2018-08-18T18:15:00-06:00 Denver,346.54563460156254 kBTU
2018-08-18T18:30:00-06:00 Denver,213.2588520625 kBTU
2018-08-18T18:45:00-06:00 Denver,213.2588520625 kBTU
2018-08-18T19:00:00-06:00 Denver,319.88827809375 kBTU
2018-08-18T19:15:00-06:00 Denver,266.573565078125 kBTU
2018-08-18T19:30:00-06:00 Denver,346.54563460156254 kBTU
2018-08-18T19:45:00-06:00 Denver,213.2588520625 kBTU
2018-08-18T20:00:00-06:00 Denver,186.6014955546875 kBTU
2018-08-18T20:15:00-06:00 Denver,293.2309215859375 kBTU
2018-08-18T20:30:00-06:00 Denver,239.9162085703125 kBTU
2018-08-18T20:45:00-06:00 Denver,186.6014955546875 kBTU
2018-08-18T21:00:00-06:00 Denver,213.2588520625 kBTU
2018-08-18T21:15:00-06:00 Denver,373.202991109375 kBTU
2018-08-18T21:30:00-06:00 Denver,319.88827809375 kBTU
2018-08-18T21:45:00-06:00 Denver,266.573565078125 kBTU
2018-08-18T22:00:00-06:00 Denver,186.6014955546875 kBTU
2018-08-18T22:15:00-06:00 Denver,213.2588520625 kBTU
2018-08-18T22:30:00-06:00 Denver,266.573565078125 kBTU
2018-08-18T22:45:00-06:00 Denver,346.54563460156254 kBTU
2018-08-18T23:00:00-06:00 Denver,213.2588520625 kBTU
2018-08-18T23:15:00-06:00 Denver,213.2588520625 kBTU
2018-08-18T23:30:00-06:00 Denver,186.6014955546875 kBTU
2018-08-18T23:45:00-06:00 Denver,266.573565078125 kBTU
2018-08-19T00:00:00-06:00 Denver,453.17506063281246 kBTU
2018-08-19T00:15:00-06:00 Denver,239.9162085703125 kBTU
2018-08-19T00:30:00-06:00 Denver,213.2588520625 kBTU
2018-08-19T00:45:00-06:00 Denver,266.573565078125 kBTU
2018-08-19T01:00:00-06:00 Denver,239.9162085703125 kBTU
2018-08-19T01:15:00-06:00 Denver,213.2588520625 kBTU
2018-08-19T01:30:00-06:00 Denver,293.2309215859375 kBTU
2018-08-19T01:45:00-06:00 Denver,213.2588520625 kBTU
2018-08-19T02:00:00-06:00 Denver,213.2588520625 kBTU
2018-08-19T02:15:00-06:00 Denver,293.2309215859375 kBTU
2018-08-19T02:30:00-06:00 Denver,319.88827809375 kBTU
2018-08-19T02:45:00-06:00 Denver,266.573565078125 kBTU
2018-08-19T03:00:00-06:00 Denver,346.54563460156254 kBTU
2018-08-19T03:15:00-06:00 Denver,266.573565078125 kBTU
2018-08-19T03:30:00-06:00 Denver,213.2588520625 kBTU
2018-08-19T03:45:00-06:00 Denver,186.6014955546875 kBTU
2018-08-19T04:00:00-06:00 Denver,213.2588520625 kBTU
2018-08-19T04:15:00-06:00 Denver,239.9162085703125 kBTU
2018-08-19T04:30:00-06:00 Denver,293.2309215859375 kBTU
2018-08-19T04:45:00-06:00 Denver,346.54563460156254 kBTU
2018-08-19T05:00:00-06:00 Denver,319.88827809375 kBTU
2018-08-19T05:15:00-06:00 Denver,186.6014955546875 kBTU
2018-08-19T05:30:00-06:00 Denver,293.2309215859375 kBTU
2018-08-19T05:45:00-06:00 Denver,293.2309215859375 kBTU
2018-08-19T06:00:00-06:00 Denver,239.9162085703125 kBTU
2018-08-19T06:15:00-06:00 Denver,239.9162085703125 kBTU
2018-08-19T06:30:00-06:00 Denver,213.2588520625 kBTU
2018-08-19T06:45:00-06:00 Denver,186.6014955546875 kBTU
2018-08-19T07:00:00-06:00 Denver,239.9162085703125 kBTU
2018-08-19T07:15:00-06:00 Denver,426.517704125 kBTU
2018-08-19T07:30:00-06:00 Denver,293.2309215859375 kBTU
2018-08-19T07:45:00-06:00 Denver,239.9162085703125 kBTU
2018-08-19T08:00:00-06:00 Denver,266.573565078125 kBTU
2018-08-19T08:15:00-06:00 Denver,213.2588520625 kBTU
2018-08-19T08:30:00-06:00 Denver,213.2588520625 kBTU
2018-08-19T08:45:00-06:00 Denver,346.54563460156254 kBTU
2018-08-19T09:00:00-06:00 Denver,186.6014955546875 kBTU
2018-08-19T09:15:00-06:00 Denver,186.6014955546875 kBTU
2018-08-19T09:30:00-06:00 Denver,266.573565078125 kBTU
2018-08-19T09:45:00-06:00 Denver,293.2309215859375 kBTU
2018-08-19T10:00:00-06:00 Denver,346.54563460156254 kBTU
2018-08-19T10:15:00-06:00 Denver,319.88827809375 kBTU
2018-08-19T10:30:00-06:00 Denver,239.9162085703125 kBTU
2018-08-19T10:45:00-06:00 Denver,186.6014955546875 kBTU
2018-08-19T11:00:00-06:00 Denver,213.2588520625 kBTU
2018-08-19T11:15:00-06:00 Denver,213.2588520625 kBTU
2018-08-19T11:30:00-06:00 Denver,293.2309215859375 kBTU
2018-08-19T11:45:00-06:00 Denver,186.6014955546875 kBTU
2018-08-19T12:00:00-06:00 Denver,293.2309215859375 kBTU
2018-08-19T12:15:00-06:00 Denver,266.573565078125 kBTU
2018-08-19T12:30:00-06:00 Denver,319.88827809375 kBTU
2018-08-19T12:45:00-06:00 Denver,239.9162085703125 kBTU
2018-08-19T13:00:00-06:00 Denver,293.2309215859375 kBTU
2018-08-19T13:15:00-06:00 Denver,213.2588520625 kBTU
2018-08-19T13:30:00-06:00 Denver,213.2588520625 kBTU
2018-08-19T13:45:00-06:00 Denver,186.6014955546875 kBTU
2018-08-19T14:00:00-06:00 Denver,213.2588520625 kBTU
2018-08-19T14:15:00-06:00 Denver,186.6014955546875 kBTU
2018-08-19T14:30:00-06:00 Denver,399.86034761718753 kBTU
2018-08-19T14:45:00-06:00 Denver,346.54563460156254 kBTU
2018-08-19T15:00:00-06:00 Denver,293.2309215859375 kBTU
2018-08-19T15:15:00-06:00 Denver,213.2588520625 kBTU
2018-08-19T15:30:00-06:00 Denver,159.944139046875 kBTU
2018-08-19T15:45:00-06:00 Denver,213.2588520625 kBTU
2018-08-19T16:00:00-06:00 Denver,319.88827809375 kBTU
2018-08-19T16:15:00-06:00 Denver,426.517704125 kBTU
2018-08-19T16:30:00-06:00 Denver,3438.798989507812 kBTU
2018-08-19T16:45:00-06:00 Denver,213.2588520625 kBTU
2018-08-19T17:00:00-06:00 Denver,319.88827809375 kBTU
2018-08-19T17:15:00-06:00 Denver,399.86034761718753 kBTU
2018-08-19T17:30:00-06:00 Denver,319.88827809375 kBTU
2018-08-19T17:45:00-06:00 Denver,186.6014955546875 kBTU
2018-08-19T18:00:00-06:00 Denver,213.2588520625 kBTU
2018-08-19T18:15:00-06:00 Denver,213.2588520625 kBTU
2018-08-19T18:30:00-06:00 Denver,186.6014955546875 kBTU
2018-08-19T18:45:00-06:00 Denver,319.88827809375 kBTU
2018-08-19T19:00:00-06:00 Denver,186.6014955546875 kBTU
2018-08-19T19:15:00-06:00 Denver,293.2309215859375 kBTU
2018-08-19T19:30:00-06:00 Denver,373.202991109375 kBTU
2018-08-19T19:45:00-06:00 Denver,293.2309215859375 kBTU
2018-08-19T20:00:00-06:00 Denver,213.2588520625 kBTU
2018-08-19T20:15:00-06:00 Denver,346.54563460156254 kBTU
2018-08-19T20:30:00-06:00 Denver,186.6014955546875 kBTU
2018-08-19T20:45:00-06:00 Denver,186.6014955546875 kBTU
2018-08-19T21:00:00-06:00 Denver,239.9162085703125 kBTU
2018-08-19T21:15:00-06:00 Denver,159.944139046875 kBTU
2018-08-19T21:30:00-06:00 Denver,239.9162085703125 kBTU
2018-08-19T21:45:00-06:00 Denver,453.17506063281246 kBTU
2018-08-19T22:00:00-06:00 Denver,346.54563460156254 kBTU
2018-08-19T22:15:00-06:00 Denver,266.573565078125 kBTU
2018-08-19T22:30:00-06:00 Denver,213.2588520625 kBTU
2018-08-19T22:45:00-06:00 Denver,186.6014955546875 kBTU
2018-08-19T23:00:00-06:00 Denver,213.2588520625 kBTU
2018-08-19T23:15:00-06:00 Denver,293.2309215859375 kBTU
2018-08-19T23:30:00-06:00 Denver,213.2588520625 kBTU
2018-08-19T23:45:00-06:00 Denver,159.944139046875 kBTU
2018-08-20T00:00:00-06:00 Denver,293.2309215859375 kBTU
2018-08-20T00:15:00-06:00 Denver,346.54563460156254 kBTU
2018-08-20T00:30:00-06:00 Denver,293.2309215859375 kBTU
2018-08-20T00:45:00-06:00 Denver,346.54563460156254 kBTU
2018-08-20T01:00:00-06:00 Denver,213.2588520625 kBTU
2018-08-20T01:15:00-06:00 Denver,186.6014955546875 kBTU
2018-08-20T01:30:00-06:00 Denver,213.2588520625 kBTU
2018-08-20T01:45:00-06:00 Denver,213.2588520625 kBTU
2018-08-20T02:00:00-06:00 Denver,319.88827809375 kBTU
2018-08-20T02:15:00-06:00 Denver,239.9162085703125 kBTU
2018-08-20T02:30:00-06:00 Denver,293.2309215859375 kBTU
2018-08-20T02:45:00-06:00 Denver,293.2309215859375 kBTU
2018-08-20T03:00:00-06:00 Denver,319.88827809375 kBTU
2018-08-20T03:15:00-06:00 Denver,239.9162085703125 kBTU
2018-08-20T03:30:00-06:00 Denver,293.2309215859375 kBTU
2018-08-20T03:45:00-06:00 Denver,213.2588520625 kBTU
2018-08-20T04:00:00-06:00 Denver,186.6014955546875 kBTU
2018-08-20T04:15:00-06:00 Denver,213.2588520625 kBTU
2018-08-20T04:30:00-06:00 Denver,239.9162085703125 kBTU
2018-08-20T04:45:00-06:00 Denver,266.573565078125 kBTU
2018-08-20T05:00:00-06:00 Denver,373.202991109375 kBTU
2018-08-20T05:15:00-06:00 Denver,319.88827809375 kBTU
2018-08-20T05:30:00-06:00 Denver,266.573565078125 kBTU
2018-08-20T05:45:00-06:00 Denver,239.9162085703125 kBTU
2018-08-20T06:00:00-06:00 Denver,186.6014955546875 kBTU
2018-08-20T06:15:00-06:00 Denver,186.6014955546875 kBTU
2018-08-20T06:30:00-06:00 Denver,346.54563460156254 kBTU
2018-08-20T06:45:00-06:00 Denver,213.2588520625 kBTU
2018-08-20T07:00:00-06:00 Denver,266.573565078125 kBTU
2018-08-20T07:15:00-06:00 Denver,239.9162085703125 kBTU
2018-08-20T07:30:00-06:00 Denver,3918.6314066484374 kBTU
2018-08-20T07:45:00-06:00 Denver,4105.2329022031245 kBTU
2018-08-20T08:00:00-06:00 Denver,2105.9311641171876 kBTU
2018-08-20T08:15:00-06:00 Denver,2052.6164511015622 kBTU
2018-08-20T08:30:00-06:00 Denver,2425.8194422109373 kBTU
2018-08-20T08:45:00-06:00 Denver,2452.47679871875 kBTU
2018-08-20T09:00:00-06:00 Denver,1626.0987469765623 kBTU
2018-08-20T09:15:00-06:00 Denver,2905.6518593515625 kBTU
2018-08-20T09:30:00-06:00 Denver,2878.99450284375 kBTU
2018-08-20T09:45:00-06:00 Denver,2825.679789828125 kBTU
2018-08-20T10:00:00-06:00 Denver,2425.8194422109373 kBTU
2018-08-20T10:15:00-06:00 Denver,3305.51220696875 kBTU
2018-08-20T10:30:00-06:00 Denver,3092.25335490625 kBTU
2018-08-20T10:45:00-06:00 Denver,2372.504729195313 kBTU
2018-08-20T11:00:00-06:00 Denver,3358.826919984375 kBTU
2018-08-20T11:15:00-06:00 Denver,2985.623928875 kBTU
2018-08-20T11:30:00-06:00 Denver,3092.25335490625 kBTU
2018-08-20T11:45:00-06:00 Denver,3545.4284155390624 kBTU
2018-08-20T12:00:00-06:00 Denver,3225.5401374453127 kBTU
2018-08-20T12:15:00-06:00 Denver,4131.890258710938 kBTU
2018-08-20T12:30:00-06:00 Denver,3092.25335490625 kBTU
2018-08-20T12:45:00-06:00 Denver,5624.702223148438 kBTU
2018-08-20T13:00:00-06:00 Denver,2399.162085703125 kBTU
2018-08-20T13:15:00-06:00 Denver,5864.61843171875 kBTU
2018-08-20T13:30:00-06:00 Denver,3118.9107114140625 kBTU
2018-08-20T13:45:00-06:00 Denver,6344.450848859375 kBTU
2018-08-20T14:00:00-06:00 Denver,6371.108205367188 kBTU
2018-08-20T14:15:00-06:00 Denver,10236.424899 kBTU
2018-08-20T14:30:00-06:00 Denver,8796.927647578124 kBTU
2018-08-20T14:45:00-06:00 Denver,7650.661317742188 kBTU
2018-08-20T15:00:00-06:00 Denver,7650.661317742188 kBTU
2018-08-20T15:15:00-06:00 Denver,8450.382012976563 kBTU
2018-08-20T15:30:00-06:00 Denver,7330.7730396484385 kBTU
2018-08-20T15:45:00-06:00 Denver,7544.031891710937 kBTU
2018-08-20T16:00:00-06:00 Denver,7064.199474570312 kBTU
2018-08-20T16:15:00-06:00 Denver,6051.219927273437 kBTU
2018-08-20T16:30:00-06:00 Denver,5251.499232039063 kBTU
2018-08-20T16:45:00-06:00 Denver,2745.7077203046874 kBTU
2018-08-20T17:00:00-06:00 Denver,4851.6388844218745 kBTU
2018-08-20T17:15:00-06:00 Denver,3678.715198078125 kBTU
2018-08-20T17:30:00-06:00 Denver,4078.575545695313 kBTU
2018-08-20T17:45:00-06:00 Denver,3838.659337125 kBTU
2018-08-20T18:00:00-06:00 Denver,3465.456346015625 kBTU
2018-08-20T18:15:00-06:00 Denver,3545.4284155390624 kBTU
2018-08-20T18:30:00-06:00 Denver,4318.491754265625 kBTU
2018-08-20T18:45:00-06:00 Denver,3465.456346015625 kBTU
2018-08-20T19:00:00-06:00 Denver,4025.260832679687 kBTU
2018-08-20T19:15:00-06:00 Denver,3092.25335490625 kBTU
2018-08-20T19:30:00-06:00 Denver,2532.4488682421875 kBTU
2018-08-20T19:45:00-06:00 Denver,4771.666814898437 kBTU
2018-08-20T20:00:00-06:00 Denver,1972.644381578125 kBTU
2018-08-20T20:15:00-06:00 Denver,3225.5401374453127 kBTU
2018-08-20T20:30:00-06:00 Denver,266.573565078125 kBTU
2018-08-20T20:45:00-06:00 Denver,293.2309215859375 kBTU
2018-08-20T21:00:00-06:00 Denver,239.9162085703125 kBTU
2018-08-20T21:15:00-06:00 Denver,213.2588520625 kBTU
2018-08-20T21:30:00-06:00 Denver,213.2588520625 kBTU
2018-08-20T21:45:00-06:00 Denver,293.2309215859375 kBTU
2018-08-20T22:00:00-06:00 Denver,373.202991109375 kBTU
2018-08-20T22:15:00-06:00 Denver,373.202991109375 kBTU
2018-08-20T22:30:00-06:00 Denver,186.6014955546875 kBTU
2018-08-20T22:45:00-06:00 Denver,213.2588520625 kBTU
2018-08-20T23:00:00-06:00 Denver,186.6014955546875 kBTU
2018-08-20T23:15:00-06:00 Denver,213.2588520625 kBTU
2018-08-20T23:30:00-06:00 Denver,293.2309215859375 kBTU
2018-08-20T23:45:00-06:00 Denver,213.2588520625 kBTU
2018-08-21T00:00:00-06:00 Denver,266.573565078125 kBTU
2018-08-21T00:15:00-06:00 Denver,373.202991109375 kBTU
2018-08-21T00:30:00-06:00 Denver,319.88827809375 kBTU
2018-08-21T00:45:00-06:00 Denver,213.2588520625 kBTU
2018-08-21T01:00:00-06:00 Denver,293.2309215859375 kBTU
2018-08-21T01:15:00-06:00 Denver,213.2588520625 kBTU
2018-08-21T01:30:00-06:00 Denver,186.6014955546875 kBTU
2018-08-21T01:45:00-06:00 Denver,213.2588520625 kBTU
2018-08-21T02:00:00-06:00 Denver,213.2588520625 kBTU
2018-08-21T02:15:00-06:00 Denver,213.2588520625 kBTU
2018-08-21T02:30:00-06:00 Denver,453.17506063281246 kBTU
2018-08-21T02:45:00-06:00 Denver,319.88827809375 kBTU
2018-08-21T03:00:00-06:00 Denver,266.573565078125 kBTU
2018-08-21T03:15:00-06:00 Denver,213.2588520625 kBTU
2018-08-21T03:30:00-06:00 Denver,213.2588520625 kBTU
2018-08-21T03:45:00-06:00 Denver,266.573565078125 kBTU
2018-08-21T04:00:00-06:00 Denver,266.573565078125 kBTU
2018-08-21T04:15:00-06:00 Denver,213.2588520625 kBTU
2018-08-21T04:30:00-06:00 Denver,186.6014955546875 kBTU
2018-08-21T04:45:00-06:00 Denver,319.88827809375 kBTU
2018-08-21T05:00:00-06:00 Denver,346.54563460156254 kBTU
2018-08-21T05:15:00-06:00 Denver,293.2309215859375 kBTU
2018-08-21T05:30:00-06:00 Denver,2319.1900161796875 kBTU
2018-08-21T05:45:00-06:00 Denver,1332.867825390625 kBTU
2018-08-21T06:00:00-06:00 Denver,213.2588520625 kBTU
2018-08-21T06:15:00-06:00 Denver,213.2588520625 kBTU
2018-08-21T06:30:00-06:00 Denver,239.9162085703125 kBTU
2018-08-21T06:45:00-06:00 Denver,1919.3296685625 kBTU
2018-08-21T07:00:00-06:00 Denver,799.7206952343751 kBTU
2018-08-21T07:15:00-06:00 Denver,213.2588520625 kBTU
2018-08-21T07:30:00-06:00 Denver,3038.938641890625 kBTU
2018-08-21T07:45:00-06:00 Denver,1919.3296685625 kBTU
2018-08-21T08:00:00-06:00 Denver,1919.3296685625 kBTU
2018-08-21T08:15:00-06:00 Denver,1945.9870250703127 kBTU
2018-08-21T08:30:00-06:00 Denver,1945.9870250703127 kBTU
2018-08-21T08:45:00-06:00 Denver,1919.3296685625 kBTU
2018-08-21T09:00:00-06:00 Denver,1839.3575990390625 kBTU
2018-08-21T09:15:00-06:00 Denver,1919.3296685625 kBTU
2018-08-21T09:30:00-06:00 Denver,1945.9870250703127 kBTU
2018-08-21T09:45:00-06:00 Denver,2345.8473726875 kBTU
2018-08-21T10:00:00-06:00 Denver,2532.4488682421875 kBTU
2018-08-21T10:15:00-06:00 Denver,2025.95909459375 kBTU
2018-08-21T10:30:00-06:00 Denver,3545.4284155390624 kBTU
2018-08-21T10:45:00-06:00 Denver,2372.504729195313 kBTU
2018-08-21T11:00:00-06:00 Denver,3918.6314066484374 kBTU
2018-08-21T11:15:00-06:00 Denver,3332.169563476563 kBTU
2018-08-21T11:30:00-06:00 Denver,3038.938641890625 kBTU
2018-08-21T11:45:00-06:00 Denver,4371.806467281251 kBTU
2018-08-21T12:00:00-06:00 Denver,2505.791511734375 kBTU
2018-08-21T12:15:00-06:00 Denver,4051.9181891875 kBTU
2018-08-21T12:30:00-06:00 Denver,2799.0224333203123 kBTU
2018-08-21T12:45:00-06:00 Denver,3518.7710590312504 kBTU
2018-08-21T13:00:00-06:00 Denver,3678.715198078125 kBTU
2018-08-21T13:15:00-06:00 Denver,3998.603476171875 kBTU
2018-08-21T13:30:00-06:00 Denver,3598.7431285546877 kBTU
2018-08-21T13:45:00-06:00 Denver,4505.093249820313 kBTU
2018-08-21T14:00:00-06:00 Denver,1892.6723120546876 kBTU
2018-08-21T14:15:00-06:00 Denver,6451.080274890625 kBTU
2018-08-21T14:30:00-06:00 Denver,2452.47679871875 kBTU
2018-08-21T14:45:00-06:00 Denver,8183.808447898437 kBTU
2018-08-21T15:00:00-06:00 Denver,3545.4284155390624 kBTU
2018-08-21T15:15:00-06:00 Denver,6424.422918382812 kBTU
2018-08-21T15:30:00-06:00 Denver,3945.28876315625 kBTU
2018-08-21T15:45:00-06:00 Denver,5118.2124495 kBTU
2018-08-21T16:00:00-06:00 Denver,3891.9740501406254 kBTU
2018-08-21T16:15:00-06:00 Denver,5811.303718703125 kBTU
2018-08-21T16:30:00-06:00 Denver,3652.0578415703126 kBTU
2018-08-21T16:45:00-06:00 Denver,6397.7655618750005 kBTU
2018-08-21T17:00:00-06:00 Denver,3945.28876315625 kBTU
2018-08-21T17:15:00-06:00 Denver,4691.694745375 kBTU
2018-08-21T17:30:00-06:00 Denver,4345.149110773437 kBTU
2018-08-21T17:45:00-06:00 Denver,5224.84187553125 kBTU
2018-08-21T18:00:00-06:00 Denver,4638.380032359375 kBTU
2018-08-21T18:15:00-06:00 Denver,3332.169563476563 kBTU
2018-08-21T18:30:00-06:00 Denver,4158.54761521875 kBTU
2018-08-21T18:45:00-06:00 Denver,3865.3166936328125 kBTU
2018-08-21T19:00:00-06:00 Denver,3198.8827809375002 kBTU
2018-08-21T19:15:00-06:00 Denver,2878.99450284375 kBTU
2018-08-21T19:30:00-06:00 Denver,3998.603476171875 kBTU
2018-08-21T19:45:00-06:00 Denver,2985.623928875 kBTU
2018-08-21T20:00:00-06:00 Denver,2079.273807609375 kBTU
2018-08-21T20:15:00-06:00 Denver,4558.407962835938 kBTU
2018-08-21T20:30:00-06:00 Denver,373.202991109375 kBTU
2018-08-21T20:45:00-06:00 Denver,266.573565078125 kBTU
2018-08-21T21:00:00-06:00 Denver,346.54563460156254 kBTU
2018-08-21T21:15:00-06:00 Denver,373.202991109375 kBTU
2018-08-21T21:30:00-06:00 Denver,399.86034761718753 kBTU
2018-08-21T21:45:00-06:00 Denver,373.202991109375 kBTU
2018-08-21T22:00:00-06:00 Denver,426.517704125 kBTU
2018-08-21T22:15:00-06:00 Denver,319.88827809375 kBTU
2018-08-21T22:30:00-06:00 Denver,293.2309215859375 kBTU
2018-08-21T22:45:00-06:00 Denver,293.2309215859375 kBTU
2018-08-21T23:00:00-06:00 Denver,399.86034761718753 kBTU
2018-08-21T23:15:00-06:00 Denver,346.54563460156254 kBTU
2018-08-21T23:30:00-06:00 Denver,346.54563460156254 kBTU
2018-08-21T23:45:00-06:00 Denver,319.88827809375 kBTU
2018-08-22T00:00:00-06:00 Denver,293.2309215859375 kBTU
2018-08-22T00:15:00-06:00 Denver,399.86034761718753 kBTU
2018-08-22T00:30:00-06:00 Denver,533.14713015625 kBTU
2018-08-22T00:45:00-06:00 Denver,293.2309215859375 kBTU
2018-08-22T01:00:00-06:00 Denver,266.573565078125 kBTU
2018-08-22T01:15:00-06:00 Denver,319.88827809375 kBTU
2018-08-22T01:30:00-06:00 Denver,293.2309215859375 kBTU
2018-08-22T01:45:00-06:00 Denver,479.832417140625 kBTU
2018-08-22T02:00:00-06:00 Denver,319.88827809375 kBTU
2018-08-22T02:15:00-06:00 Denver,293.2309215859375 kBTU
2018-08-22T02:30:00-06:00 Denver,346.54563460156254 kBTU
2018-08-22T02:45:00-06:00 Denver,426.517704125 kBTU
2018-08-22T03:00:00-06:00 Denver,319.88827809375 kBTU
2018-08-22T03:15:00-06:00 Denver,426.517704125 kBTU
2018-08-22T03:30:00-06:00 Denver,293.2309215859375 kBTU
2018-08-22T03:45:00-06:00 Denver,319.88827809375 kBTU
2018-08-22T04:00:00-06:00 Denver,373.202991109375 kBTU
2018-08-22T04:15:00-06:00 Denver,293.2309215859375 kBTU
2018-08-22T04:30:00-06:00 Denver,426.517704125 kBTU
2018-08-22T04:45:00-06:00 Denver,293.2309215859375 kBTU
2018-08-22T05:00:00-06:00 Denver,426.517704125 kBTU
2018-08-22T05:15:00-06:00 Denver,373.202991109375 kBTU
2018-08-22T05:30:00-06:00 Denver,293.2309215859375 kBTU
2018-08-22T05:45:00-06:00 Denver,319.88827809375 kBTU
2018-08-22T06:00:00-06:00 Denver,399.86034761718753 kBTU
2018-08-22T06:15:00-06:00 Denver,346.54563460156254 kBTU
2018-08-22T06:30:00-06:00 Denver,746.40598221875 kBTU
2018-08-22T06:45:00-06:00 Denver,2958.966572367188 kBTU
2018-08-22T07:00:00-06:00 Denver,399.86034761718753 kBTU
2018-08-22T07:15:00-06:00 Denver,426.517704125 kBTU
2018-08-22T07:30:00-06:00 Denver,2132.588520625 kBTU
2018-08-22T07:45:00-06:00 Denver,2025.95909459375 kBTU
2018-08-22T08:00:00-06:00 Denver,2132.588520625 kBTU
2018-08-22T08:15:00-06:00 Denver,1972.644381578125 kBTU
2018-08-22T08:30:00-06:00 Denver,2105.9311641171876 kBTU
2018-08-22T08:45:00-06:00 Denver,2292.532659671875 kBTU
2018-08-22T09:00:00-06:00 Denver,2799.0224333203123 kBTU
2018-08-22T09:15:00-06:00 Denver,2185.9032336406253 kBTU
2018-08-22T09:30:00-06:00 Denver,3092.25335490625 kBTU
2018-08-22T09:45:00-06:00 Denver,2639.0782942734377 kBTU
2018-08-22T10:00:00-06:00 Denver,2079.273807609375 kBTU
2018-08-22T10:15:00-06:00 Denver,3518.7710590312504 kBTU
2018-08-22T10:30:00-06:00 Denver,3198.8827809375002 kBTU
2018-08-22T10:45:00-06:00 Denver,3385.4842764921877 kBTU
2018-08-22T11:00:00-06:00 Denver,2159.2458771328124 kBTU
2018-08-22T11:15:00-06:00 Denver,2372.504729195313 kBTU
2018-08-22T11:30:00-06:00 Denver,3358.826919984375 kBTU
2018-08-22T11:45:00-06:00 Denver,2079.273807609375 kBTU
2018-08-22T12:00:00-06:00 Denver,3678.715198078125 kBTU
2018-08-22T12:15:00-06:00 Denver,1999.3017380859376 kBTU
2018-08-22T12:30:00-06:00 Denver,4078.575545695313 kBTU
2018-08-22T12:45:00-06:00 Denver,7357.43039615625 kBTU
2018-08-22T13:00:00-06:00 Denver,10209.767542492187 kBTU
2018-08-22T13:15:00-06:00 Denver,8290.437873929688 kBTU
2018-08-22T13:30:00-06:00 Denver,8770.270291070312 kBTU
2018-08-22T13:45:00-06:00 Denver,9383.38949075 kBTU
2018-08-22T14:00:00-06:00 Denver,7757.2907437734375 kBTU
2018-08-22T14:15:00-06:00 Denver,11276.061802804687 kBTU
2018-08-22T14:30:00-06:00 Denver,8983.529143132813 kBTU
2018-08-22T14:45:00-06:00 Denver,11755.894219945314 kBTU
2018-08-22T15:00:00-06:00 Denver,9223.445351703125 kBTU
2018-08-22T15:15:00-06:00 Denver,7304.115683140625 kBTU
2018-08-22T15:30:00-06:00 Denver,7970.549595835938 kBTU
2018-08-22T15:45:00-06:00 Denver,6424.422918382812 kBTU
2018-08-22T16:00:00-06:00 Denver,8983.529143132813 kBTU
2018-08-22T16:15:00-06:00 Denver,5011.58302346875 kBTU
2018-08-22T16:30:00-06:00 Denver,7703.976030757813 kBTU
2018-08-22T16:45:00-06:00 Denver,4105.2329022031245 kBTU
2018-08-22T17:00:00-06:00 Denver,2985.623928875 kBTU
2018-08-22T17:15:00-06:00 Denver,3225.5401374453127 kBTU
2018-08-22T17:30:00-06:00 Denver,2932.309215859375 kBTU
2018-08-22T17:45:00-06:00 Denver,2105.9311641171876 kBTU
2018-08-22T18:00:00-06:00 Denver,3732.02991109375 kBTU
2018-08-22T18:15:00-06:00 Denver,2985.623928875 kBTU
2018-08-22T18:30:00-06:00 Denver,3625.4004850624997 kBTU
2018-08-22T18:45:00-06:00 Denver,1866.014955546875 kBTU
2018-08-22T19:00:00-06:00 Denver,3332.169563476563 kBTU
2018-08-22T19:15:00-06:00 Denver,3492.1137025234375 kBTU
2018-08-22T19:30:00-06:00 Denver,4211.862328234375 kBTU
2018-08-22T19:45:00-06:00 Denver,2532.4488682421875 kBTU
2018-08-22T20:00:00-06:00 Denver,2399.162085703125 kBTU
2018-08-22T20:15:00-06:00 Denver,3732.02991109375 kBTU
2018-08-22T20:30:00-06:00 Denver,239.9162085703125 kBTU
2018-08-22T20:45:00-06:00 Denver,133.2867825390625 kBTU
2018-08-22T21:00:00-06:00 Denver,266.573565078125 kBTU
2018-08-22T21:15:00-06:00 Denver,133.2867825390625 kBTU
2018-08-22T21:30:00-06:00 Denver,293.2309215859375 kBTU
2018-08-22T21:45:00-06:00 Denver,239.9162085703125 kBTU
2018-08-22T22:00:00-06:00 Denver,2612.420937765625 kBTU
2018-08-22T22:15:00-06:00 Denver,213.2588520625 kBTU
2018-08-22T22:30:00-06:00 Denver,293.2309215859375 kBTU
2018-08-22T22:45:00-06:00 Denver,186.6014955546875 kBTU
2018-08-22T23:00:00-06:00 Denver,133.2867825390625 kBTU
2018-08-22T23:15:00-06:00 Denver,133.2867825390625 kBTU
2018-08-22T23:30:00-06:00 Denver,159.944139046875 kBTU
2018-08-22T23:45:00-06:00 Denver,159.944139046875 kBTU
2018-08-23T00:00:00-06:00 Denver,373.202991109375 kBTU
2018-08-23T00:15:00-06:00 Denver,266.573565078125 kBTU
2018-08-23T00:30:00-06:00 Denver,159.944139046875 kBTU
2018-08-23T00:45:00-06:00 Denver,239.9162085703125 kBTU
2018-08-23T01:00:00-06:00 Denver,186.6014955546875 kBTU
2018-08-23T01:15:00-06:00 Denver,266.573565078125 kBTU
2018-08-23T01:30:00-06:00 Denver,159.944139046875 kBTU
2018-08-23T01:45:00-06:00 Denver,133.2867825390625 kBTU
2018-08-23T02:00:00-06:00 Denver,186.6014955546875 kBTU
2018-08-23T02:15:00-06:00 Denver,159.944139046875 kBTU
2018-08-23T02:30:00-06:00 Denver,266.573565078125 kBTU
2018-08-23T02:45:00-06:00 Denver,399.86034761718753 kBTU
2018-08-23T03:00:00-06:00 Denver,159.944139046875 kBTU
2018-08-23T03:15:00-06:00 Denver,239.9162085703125 kBTU
2018-08-23T03:30:00-06:00 Denver,133.2867825390625 kBTU
2018-08-23T03:45:00-06:00 Denver,159.944139046875 kBTU
2018-08-23T04:00:00-06:00 Denver,186.6014955546875 kBTU
2018-08-23T04:15:00-06:00 Denver,239.9162085703125 kBTU
2018-08-23T04:30:00-06:00 Denver,159.944139046875 kBTU
2018-08-23T04:45:00-06:00 Denver,213.2588520625 kBTU
2018-08-23T05:00:00-06:00 Denver,239.9162085703125 kBTU
2018-08-23T05:15:00-06:00 Denver,239.9162085703125 kBTU
2018-08-23T05:30:00-06:00 Denver,293.2309215859375 kBTU
2018-08-23T05:45:00-06:00 Denver,239.9162085703125 kBTU
2018-08-23T06:00:00-06:00 Denver,133.2867825390625 kBTU
2018-08-23T06:15:00-06:00 Denver,133.2867825390625 kBTU
2018-08-23T06:30:00-06:00 Denver,399.86034761718753 kBTU
2018-08-23T06:45:00-06:00 Denver,319.88827809375 kBTU
2018-08-23T07:00:00-06:00 Denver,239.9162085703125 kBTU
2018-08-23T07:15:00-06:00 Denver,213.2588520625 kBTU
2018-08-23T07:30:00-06:00 Denver,1866.014955546875 kBTU
2018-08-23T07:45:00-06:00 Denver,1919.3296685625 kBTU
2018-08-23T08:00:00-06:00 Denver,1839.3575990390625 kBTU
2018-08-23T08:15:00-06:00 Denver,1972.644381578125 kBTU
2018-08-23T08:30:00-06:00 Denver,1786.0428860234376 kBTU
2018-08-23T08:45:00-06:00 Denver,1786.0428860234376 kBTU
2018-08-23T09:00:00-06:00 Denver,1732.7281730078125 kBTU
2018-08-23T09:15:00-06:00 Denver,2479.1341552265626 kBTU
2018-08-23T09:30:00-06:00 Denver,1786.0428860234376 kBTU
2018-08-23T09:45:00-06:00 Denver,3385.4842764921877 kBTU
2018-08-23T10:00:00-06:00 Denver,3838.659337125 kBTU
2018-08-23T10:15:00-06:00 Denver,3785.344624109375 kBTU
2018-08-23T10:30:00-06:00 Denver,3118.9107114140625 kBTU
2018-08-23T10:45:00-06:00 Denver,4051.9181891875 kBTU
2018-08-23T11:00:00-06:00 Denver,2292.532659671875 kBTU
2018-08-23T11:15:00-06:00 Denver,3891.9740501406254 kBTU
2018-08-23T11:30:00-06:00 Denver,3652.0578415703126 kBTU
2018-08-23T11:45:00-06:00 Denver,2932.309215859375 kBTU
2018-08-23T12:00:00-06:00 Denver,3545.4284155390624 kBTU
2018-08-23T12:15:00-06:00 Denver,5731.331649179688 kBTU
2018-08-23T12:30:00-06:00 Denver,4371.806467281251 kBTU
2018-08-23T12:45:00-06:00 Denver,4771.666814898437 kBTU
2018-08-23T13:00:00-06:00 Denver,3891.9740501406254 kBTU
2018-08-23T13:15:00-06:00 Denver,4851.6388844218745 kBTU
2018-08-23T13:30:00-06:00 Denver,3412.141633 kBTU
2018-08-23T13:45:00-06:00 Denver,4425.121180296875 kBTU
2018-08-23T14:00:00-06:00 Denver,3038.938641890625 kBTU
2018-08-23T14:15:00-06:00 Denver,5837.961075210937 kBTU
2018-08-23T14:30:00-06:00 Denver,3785.344624109375 kBTU
2018-08-23T14:45:00-06:00 Denver,5518.072797117187 kBTU
2018-08-23T15:00:00-06:00 Denver,4691.694745375 kBTU
2018-08-23T15:15:00-06:00 Denver,5224.84187553125 kBTU
2018-08-23T15:30:00-06:00 Denver,8583.668795515625 kBTU
2018-08-23T15:45:00-06:00 Denver,5971.24785775 kBTU
2018-08-23T16:00:00-06:00 Denver,5491.415440609375 kBTU
2018-08-23T16:15:00-06:00 Denver,4585.06531934375 kBTU
2018-08-23T16:30:00-06:00 Denver,7224.143613617188 kBTU
2018-08-23T16:45:00-06:00 Denver,5251.499232039063 kBTU
2018-08-23T17:00:00-06:00 Denver,7170.828900601562 kBTU
2018-08-23T17:15:00-06:00 Denver,4851.6388844218745 kBTU
2018-08-23T17:30:00-06:00 Denver,7170.828900601562 kBTU
2018-08-23T17:45:00-06:00 Denver,3732.02991109375 kBTU
2018-08-23T18:00:00-06:00 Denver,5358.128658070313 kBTU
2018-08-23T18:15:00-06:00 Denver,4398.463823789062 kBTU
2018-08-23T18:30:00-06:00 Denver,4878.296240929688 kBTU
2018-08-23T18:45:00-06:00 Denver,4718.352101882812 kBTU
2018-08-23T19:00:00-06:00 Denver,4371.806467281251 kBTU
2018-08-23T19:15:00-06:00 Denver,4318.491754265625 kBTU
2018-08-23T19:30:00-06:00 Denver,3705.372554585938 kBTU
2018-08-23T19:45:00-06:00 Denver,4025.260832679687 kBTU
2018-08-23T20:00:00-06:00 Denver,3785.344624109375 kBTU
2018-08-23T20:15:00-06:00 Denver,3465.456346015625 kBTU
2018-08-23T20:30:00-06:00 Denver,799.7206952343751 kBTU
2018-08-23T20:45:00-06:00 Denver,239.9162085703125 kBTU
2018-08-23T21:00:00-06:00 Denver,373.202991109375 kBTU
2018-08-23T21:15:00-06:00 Denver,239.9162085703125 kBTU
2018-08-23T21:30:00-06:00 Denver,239.9162085703125 kBTU
2018-08-23T21:45:00-06:00 Denver,346.54563460156254 kBTU
2018-08-23T22:00:00-06:00 Denver,266.573565078125 kBTU
2018-08-23T22:15:00-06:00 Denver,266.573565078125 kBTU
2018-08-23T22:30:00-06:00 Denver,479.832417140625 kBTU
2018-08-23T22:45:00-06:00 Denver,346.54563460156254 kBTU
2018-08-23T23:00:00-06:00 Denver,239.9162085703125 kBTU
2018-08-23T23:15:00-06:00 Denver,239.9162085703125 kBTU
2018-08-23T23:30:00-06:00 Denver,266.573565078125 kBTU
2018-08-23T23:45:00-06:00 Denver,373.202991109375 kBTU
2018-08-24T00:00:00-06:00 Denver,266.573565078125 kBTU
2018-08-24T00:15:00-06:00 Denver,319.88827809375 kBTU
2018-08-24T00:30:00-06:00 Denver,266.573565078125 kBTU
2018-08-24T00:45:00-06:00 Denver,266.573565078125 kBTU
2018-08-24T01:00:00-06:00 Denver,346.54563460156254 kBTU
2018-08-24T01:15:00-06:00 Denver,479.832417140625 kBTU
2018-08-24T01:30:00-06:00 Denver,239.9162085703125 kBTU
2018-08-24T01:45:00-06:00 Denver,239.9162085703125 kBTU
2018-08-24T02:00:00-06:00 Denver,266.573565078125 kBTU
2018-08-24T02:15:00-06:00 Denver,239.9162085703125 kBTU
2018-08-24T02:30:00-06:00 Denver,319.88827809375 kBTU
2018-08-24T02:45:00-06:00 Denver,426.517704125 kBTU
2018-08-24T03:00:00-06:00 Denver,239.9162085703125 kBTU
2018-08-24T03:15:00-06:00 Denver,319.88827809375 kBTU
2018-08-24T03:30:00-06:00 Denver,346.54563460156254 kBTU
2018-08-24T03:45:00-06:00 Denver,319.88827809375 kBTU
2018-08-24T04:00:00-06:00 Denver,239.9162085703125 kBTU
2018-08-24T04:15:00-06:00 Denver,373.202991109375 kBTU
2018-08-24T04:30:00-06:00 Denver,293.2309215859375 kBTU
2018-08-24T04:45:00-06:00 Denver,239.9162085703125 kBTU
2018-08-24T05:00:00-06:00 Denver,319.88827809375 kBTU
2018-08-24T05:15:00-06:00 Denver,293.2309215859375 kBTU
2018-08-24T05:30:00-06:00 Denver,266.573565078125 kBTU
2018-08-24T05:45:00-06:00 Denver,373.202991109375 kBTU
2018-08-24T06:00:00-06:00 Denver,373.202991109375 kBTU
2018-08-24T06:15:00-06:00 Denver,266.573565078125 kBTU
2018-08-24T06:30:00-06:00 Denver,106.62942603125 kBTU
2018-08-24T06:45:00-06:00 Denver,106.62942603125 kBTU
2018-08-24T07:00:00-06:00 Denver,293.2309215859375 kBTU
2018-08-24T07:15:00-06:00 Denver,159.944139046875 kBTU
2018-08-24T07:30:00-06:00 Denver,7064.199474570312 kBTU
2018-08-24T07:45:00-06:00 Denver,3252.1974939531246 kBTU
2018-08-24T08:00:00-06:00 Denver,2985.623928875 kBTU
2018-08-24T08:15:00-06:00 Denver,2132.588520625 kBTU
2018-08-24T08:30:00-06:00 Denver,3118.9107114140625 kBTU
2018-08-24T08:45:00-06:00 Denver,3625.4004850624997 kBTU
2018-08-24T09:00:00-06:00 Denver,1839.3575990390625 kBTU
2018-08-24T09:15:00-06:00 Denver,3971.9461196640627 kBTU
2018-08-24T09:30:00-06:00 Denver,3225.5401374453127 kBTU
2018-08-24T09:45:00-06:00 Denver,4745.009458390626 kBTU
2018-08-24T10:00:00-06:00 Denver,2985.623928875 kBTU
2018-08-24T10:15:00-06:00 Denver,4078.575545695313 kBTU
2018-08-24T10:30:00-06:00 Denver,4638.380032359375 kBTU
2018-08-24T10:45:00-06:00 Denver,3332.169563476563 kBTU
2018-08-24T11:00:00-06:00 Denver,4078.575545695313 kBTU
2018-08-24T11:15:00-06:00 Denver,4345.149110773437 kBTU
2018-08-24T11:30:00-06:00 Denver,4211.862328234375 kBTU
2018-08-24T11:45:00-06:00 Denver,4078.575545695313 kBTU
2018-08-24T12:00:00-06:00 Denver,4558.407962835938 kBTU
2018-08-24T12:15:00-06:00 Denver,3332.169563476563 kBTU
2018-08-24T12:30:00-06:00 Denver,5944.590501242188 kBTU
2018-08-24T12:45:00-06:00 Denver,3705.372554585938 kBTU
2018-08-24T13:00:00-06:00 Denver,6504.394987906249 kBTU
2018-08-24T13:15:00-06:00 Denver,4211.862328234375 kBTU
2018-08-24T13:30:00-06:00 Denver,6211.1640663203125 kBTU
2018-08-24T13:45:00-06:00 Denver,5304.813945054687 kBTU
2018-08-24T14:00:00-06:00 Denver,9569.990986304689 kBTU
2018-08-24T14:15:00-06:00 Denver,6584.367057429688 kBTU
2018-08-24T14:30:00-06:00 Denver,9330.074777734375 kBTU
2018-08-24T14:45:00-06:00 Denver,7330.7730396484385 kBTU
2018-08-24T15:00:00-06:00 Denver,8823.585004085939 kBTU
2018-08-24T15:15:00-06:00 Denver,8130.493734882812 kBTU
2018-08-24T15:30:00-06:00 Denver,8557.011439007812 kBTU
2018-08-24T15:45:00-06:00 Denver,7384.0877526640625 kBTU
2018-08-24T16:00:00-06:00 Denver,5011.58302346875 kBTU
2018-08-24T16:15:00-06:00 Denver,5011.58302346875 kBTU
2018-08-24T16:30:00-06:00 Denver,4771.666814898437 kBTU
2018-08-24T16:45:00-06:00 Denver,4478.4358933124995 kBTU
2018-08-24T17:00:00-06:00 Denver,4878.296240929688 kBTU
2018-08-24T17:15:00-06:00 Denver,3652.0578415703126 kBTU
2018-08-24T17:30:00-06:00 Denver,4851.6388844218745 kBTU
2018-08-24T17:45:00-06:00 Denver,4185.204971726563 kBTU
2018-08-24T18:00:00-06:00 Denver,6104.534640289063 kBTU
2018-08-24T18:15:00-06:00 Denver,3465.456346015625 kBTU
2018-08-24T18:30:00-06:00 Denver,5251.499232039063 kBTU
2018-08-24T18:45:00-06:00 Denver,3172.2254244296873 kBTU
2018-08-24T19:00:00-06:00 Denver,4904.9535974375 kBTU
2018-08-24T19:15:00-06:00 Denver,3065.5959983984376 kBTU
2018-08-24T19:30:00-06:00 Denver,4718.352101882812 kBTU
2018-08-24T19:45:00-06:00 Denver,3092.25335490625 kBTU
2018-08-24T20:00:00-06:00 Denver,4451.778536804688 kBTU
2018-08-24T20:15:00-06:00 Denver,2852.3371463359376 kBTU
2018-08-24T20:30:00-06:00 Denver,559.8044866640624 kBTU
2018-08-24T20:45:00-06:00 Denver,293.2309215859375 kBTU
2018-08-24T21:00:00-06:00 Denver,319.88827809375 kBTU
2018-08-24T21:15:00-06:00 Denver,266.573565078125 kBTU
2018-08-24T21:30:00-06:00 Denver,133.2867825390625 kBTU
2018-08-24T21:45:00-06:00 Denver,186.6014955546875 kBTU
2018-08-24T22:00:00-06:00 Denver,133.2867825390625 kBTU
2018-08-24T22:15:00-06:00 Denver,133.2867825390625 kBTU
2018-08-24T22:30:00-06:00 Denver,159.944139046875 kBTU
2018-08-24T22:45:00-06:00 Denver,293.2309215859375 kBTU
2018-08-24T23:00:00-06:00 Denver,186.6014955546875 kBTU
2018-08-24T23:15:00-06:00 Denver,346.54563460156254 kBTU
2018-08-24T23:30:00-06:00 Denver,239.9162085703125 kBTU
2018-08-24T23:45:00-06:00 Denver,133.2867825390625 kBTU
2018-08-25T00:00:00-06:00 Denver,266.573565078125 kBTU
2018-08-25T00:15:00-06:00 Denver,186.6014955546875 kBTU
2018-08-25T00:30:00-06:00 Denver,133.2867825390625 kBTU
2018-08-25T00:45:00-06:00 Denver,159.944139046875 kBTU
2018-08-25T01:00:00-06:00 Denver,133.2867825390625 kBTU
2018-08-25T01:15:00-06:00 Denver,186.6014955546875 kBTU
2018-08-25T01:30:00-06:00 Denver,373.202991109375 kBTU
2018-08-25T01:45:00-06:00 Denver,293.2309215859375 kBTU
2018-08-25T02:00:00-06:00 Denver,213.2588520625 kBTU
2018-08-25T02:15:00-06:00 Denver,159.944139046875 kBTU
2018-08-25T02:30:00-06:00 Denver,186.6014955546875 kBTU
2018-08-25T02:45:00-06:00 Denver,133.2867825390625 kBTU
2018-08-25T03:00:00-06:00 Denver,266.573565078125 kBTU
2018-08-25T03:15:00-06:00 Denver,186.6014955546875 kBTU
2018-08-25T03:30:00-06:00 Denver,133.2867825390625 kBTU
2018-08-25T03:45:00-06:00 Denver,159.944139046875 kBTU
2018-08-25T04:00:00-06:00 Denver,319.88827809375 kBTU
2018-08-25T04:15:00-06:00 Denver,266.573565078125 kBTU
2018-08-25T04:30:00-06:00 Denver,293.2309215859375 kBTU
2018-08-25T04:45:00-06:00 Denver,186.6014955546875 kBTU
2018-08-25T05:00:00-06:00 Denver,159.944139046875 kBTU
2018-08-25T05:15:00-06:00 Denver,133.2867825390625 kBTU
2018-08-25T05:30:00-06:00 Denver,186.6014955546875 kBTU
2018-08-25T05:45:00-06:00 Denver,266.573565078125 kBTU
2018-08-25T06:00:00-06:00 Denver,133.2867825390625 kBTU
2018-08-25T06:15:00-06:00 Denver,186.6014955546875 kBTU
2018-08-25T06:30:00-06:00 Denver,293.2309215859375 kBTU
2018-08-25T06:45:00-06:00 Denver,266.573565078125 kBTU
2018-08-25T07:00:00-06:00 Denver,2799.0224333203123 kBTU
2018-08-25T07:15:00-06:00 Denver,479.832417140625 kBTU
2018-08-25T07:30:00-06:00 Denver,186.6014955546875 kBTU
2018-08-25T07:45:00-06:00 Denver,133.2867825390625 kBTU
2018-08-25T08:00:00-06:00 Denver,159.944139046875 kBTU
2018-08-25T08:15:00-06:00 Denver,133.2867825390625 kBTU
2018-08-25T08:30:00-06:00 Denver,239.9162085703125 kBTU
2018-08-25T08:45:00-06:00 Denver,239.9162085703125 kBTU
2018-08-25T09:00:00-06:00 Denver,266.573565078125 kBTU
2018-08-25T09:15:00-06:00 Denver,239.9162085703125 kBTU
2018-08-25T09:30:00-06:00 Denver,213.2588520625 kBTU
2018-08-25T09:45:00-06:00 Denver,159.944139046875 kBTU
2018-08-25T10:00:00-06:00 Denver,239.9162085703125 kBTU
2018-08-25T10:15:00-06:00 Denver,186.6014955546875 kBTU
2018-08-25T10:30:00-06:00 Denver,133.2867825390625 kBTU
2018-08-25T10:45:00-06:00 Denver,133.2867825390625 kBTU
2018-08-25T11:00:00-06:00 Denver,159.944139046875 kBTU
2018-08-25T11:15:00-06:00 Denver,186.6014955546875 kBTU
2018-08-25T11:30:00-06:00 Denver,399.86034761718753 kBTU
2018-08-25T11:45:00-06:00 Denver,266.573565078125 kBTU
2018-08-25T12:00:00-06:00 Denver,186.6014955546875 kBTU
2018-08-25T12:15:00-06:00 Denver,159.944139046875 kBTU
2018-08-25T12:30:00-06:00 Denver,133.2867825390625 kBTU
2018-08-25T12:45:00-06:00 Denver,239.9162085703125 kBTU
2018-08-25T13:00:00-06:00 Denver,186.6014955546875 kBTU
2018-08-25T13:15:00-06:00 Denver,133.2867825390625 kBTU
2018-08-25T13:30:00-06:00 Denver,159.944139046875 kBTU
2018-08-25T13:45:00-06:00 Denver,213.2588520625 kBTU
2018-08-25T14:00:00-06:00 Denver,293.2309215859375 kBTU
2018-08-25T14:15:00-06:00 Denver,319.88827809375 kBTU
2018-08-25T14:30:00-06:00 Denver,159.944139046875 kBTU
2018-08-25T14:45:00-06:00 Denver,186.6014955546875 kBTU
2018-08-25T15:00:00-06:00 Denver,133.2867825390625 kBTU
2018-08-25T15:15:00-06:00 Denver,133.2867825390625 kBTU
2018-08-25T15:30:00-06:00 Denver,266.573565078125 kBTU
2018-08-25T15:45:00-06:00 Denver,133.2867825390625 kBTU
2018-08-25T16:00:00-06:00 Denver,239.9162085703125 kBTU
2018-08-25T16:15:00-06:00 Denver,186.6014955546875 kBTU
2018-08-25T16:30:00-06:00 Denver,239.9162085703125 kBTU
2018-08-25T16:45:00-06:00 Denver,266.573565078125 kBTU
2018-08-25T17:00:00-06:00 Denver,266.573565078125 kBTU
2018-08-25T17:15:00-06:00 Denver,133.2867825390625 kBTU
2018-08-25T17:30:00-06:00 Denver,133.2867825390625 kBTU
2018-08-25T17:45:00-06:00 Denver,186.6014955546875 kBTU
2018-08-25T18:00:00-06:00 Denver,133.2867825390625 kBTU
2018-08-25T18:15:00-06:00 Denver,346.54563460156254 kBTU
2018-08-25T18:30:00-06:00 Denver,159.944139046875 kBTU
2018-08-25T18:45:00-06:00 Denver,213.2588520625 kBTU
2018-08-25T19:00:00-06:00 Denver,239.9162085703125 kBTU
2018-08-25T19:15:00-06:00 Denver,239.9162085703125 kBTU
2018-08-25T19:30:00-06:00 Denver,159.944139046875 kBTU
2018-08-25T19:45:00-06:00 Denver,266.573565078125 kBTU
2018-08-25T20:00:00-06:00 Denver,133.2867825390625 kBTU
2018-08-25T20:15:00-06:00 Denver,186.6014955546875 kBTU
2018-08-25T20:30:00-06:00 Denver,213.2588520625 kBTU
2018-08-25T20:45:00-06:00 Denver,159.944139046875 kBTU
2018-08-25T21:00:00-06:00 Denver,266.573565078125 kBTU
2018-08-25T21:15:00-06:00 Denver,239.9162085703125 kBTU
2018-08-25T21:30:00-06:00 Denver,239.9162085703125 kBTU
2018-08-25T21:45:00-06:00 Denver,213.2588520625 kBTU
2018-08-25T22:00:00-06:00 Denver,159.944139046875 kBTU
2018-08-25T22:15:00-06:00 Denver,133.2867825390625 kBTU
2018-08-25T22:30:00-06:00 Denver,293.2309215859375 kBTU
2018-08-25T22:45:00-06:00 Denver,186.6014955546875 kBTU
2018-08-25T23:00:00-06:00 Denver,213.2588520625 kBTU
2018-08-25T23:15:00-06:00 Denver,133.2867825390625 kBTU
2018-08-25T23:30:00-06:00 Denver,159.944139046875 kBTU
2018-08-25T23:45:00-06:00 Denver,373.202991109375 kBTU
2018-08-26T00:00:00-06:00 Denver,239.9162085703125 kBTU
2018-08-26T00:15:00-06:00 Denver,186.6014955546875 kBTU
2018-08-26T00:30:00-06:00 Denver,159.944139046875 kBTU
2018-08-26T00:45:00-06:00 Denver,133.2867825390625 kBTU
2018-08-26T01:00:00-06:00 Denver,213.2588520625 kBTU
2018-08-26T01:15:00-06:00 Denver,319.88827809375 kBTU
2018-08-26T01:30:00-06:00 Denver,159.944139046875 kBTU
2018-08-26T01:45:00-06:00 Denver,159.944139046875 kBTU
2018-08-26T02:00:00-06:00 Denver,186.6014955546875 kBTU
2018-08-26T02:15:00-06:00 Denver,239.9162085703125 kBTU
2018-08-26T02:30:00-06:00 Denver,293.2309215859375 kBTU
2018-08-26T02:45:00-06:00 Denver,239.9162085703125 kBTU
2018-08-26T03:00:00-06:00 Denver,133.2867825390625 kBTU
2018-08-26T03:15:00-06:00 Denver,186.6014955546875 kBTU
2018-08-26T03:30:00-06:00 Denver,239.9162085703125 kBTU
2018-08-26T03:45:00-06:00 Denver,159.944139046875 kBTU
2018-08-26T04:00:00-06:00 Denver,266.573565078125 kBTU
2018-08-26T04:15:00-06:00 Denver,186.6014955546875 kBTU
2018-08-26T04:30:00-06:00 Denver,186.6014955546875 kBTU
2018-08-26T04:45:00-06:00 Denver,239.9162085703125 kBTU
2018-08-26T05:00:00-06:00 Denver,239.9162085703125 kBTU
2018-08-26T05:15:00-06:00 Denver,186.6014955546875 kBTU
2018-08-26T05:30:00-06:00 Denver,266.573565078125 kBTU
2018-08-26T05:45:00-06:00 Denver,213.2588520625 kBTU
2018-08-26T06:00:00-06:00 Denver,186.6014955546875 kBTU
2018-08-26T06:15:00-06:00 Denver,133.2867825390625 kBTU
2018-08-26T06:30:00-06:00 Denver,186.6014955546875 kBTU
2018-08-26T06:45:00-06:00 Denver,159.944139046875 kBTU
2018-08-26T07:00:00-06:00 Denver,346.54563460156254 kBTU
2018-08-26T07:15:00-06:00 Denver,266.573565078125 kBTU
2018-08-26T07:30:00-06:00 Denver,186.6014955546875 kBTU
2018-08-26T07:45:00-06:00 Denver,2585.763581257813 kBTU
2018-08-26T08:00:00-06:00 Denver,1066.2942603125 kBTU
2018-08-26T08:15:00-06:00 Denver,319.88827809375 kBTU
2018-08-26T08:30:00-06:00 Denver,186.6014955546875 kBTU
2018-08-26T08:45:00-06:00 Denver,159.944139046875 kBTU
2018-08-26T09:00:00-06:00 Denver,133.2867825390625 kBTU
2018-08-26T09:15:00-06:00 Denver,186.6014955546875 kBTU
2018-08-26T09:30:00-06:00 Denver,239.9162085703125 kBTU
2018-08-26T09:45:00-06:00 Denver,373.202991109375 kBTU
2018-08-26T10:00:00-06:00 Denver,159.944139046875 kBTU
2018-08-26T10:15:00-06:00 Denver,133.2867825390625 kBTU
2018-08-26T10:30:00-06:00 Denver,239.9162085703125 kBTU
2018-08-26T10:45:00-06:00 Denver,186.6014955546875 kBTU
2018-08-26T11:00:00-06:00 Denver,266.573565078125 kBTU
2018-08-26T11:15:00-06:00 Denver,133.2867825390625 kBTU
2018-08-26T11:30:00-06:00 Denver,133.2867825390625 kBTU
2018-08-26T11:45:00-06:00 Denver,213.2588520625 kBTU
2018-08-26T12:00:00-06:00 Denver,239.9162085703125 kBTU
2018-08-26T12:15:00-06:00 Denver,266.573565078125 kBTU
2018-08-26T12:30:00-06:00 Denver,239.9162085703125 kBTU
2018-08-26T12:45:00-06:00 Denver,213.2588520625 kBTU
2018-08-26T13:00:00-06:00 Denver,186.6014955546875 kBTU
2018-08-26T13:15:00-06:00 Denver,133.2867825390625 kBTU
2018-08-26T13:30:00-06:00 Denver,186.6014955546875 kBTU
2018-08-26T13:45:00-06:00 Denver,239.9162085703125 kBTU
2018-08-26T14:00:00-06:00 Denver,906.3501212656249 kBTU
2018-08-26T14:15:00-06:00 Denver,1306.2104688828124 kBTU
2018-08-26T14:30:00-06:00 Denver,1332.867825390625 kBTU
2018-08-26T14:45:00-06:00 Denver,1252.8957558671875 kBTU
2018-08-26T15:00:00-06:00 Denver,1279.553112375 kBTU
2018-08-26T15:15:00-06:00 Denver,1386.1825384062502 kBTU
2018-08-26T15:30:00-06:00 Denver,1226.238399359375 kBTU
2018-08-26T15:45:00-06:00 Denver,933.0074777734375 kBTU
2018-08-26T16:00:00-06:00 Denver,133.2867825390625 kBTU
2018-08-26T16:15:00-06:00 Denver,133.2867825390625 kBTU
2018-08-26T16:30:00-06:00 Denver,266.573565078125 kBTU
2018-08-26T16:45:00-06:00 Denver,293.2309215859375 kBTU
2018-08-26T17:00:00-06:00 Denver,213.2588520625 kBTU
2018-08-26T17:15:00-06:00 Denver,213.2588520625 kBTU
2018-08-26T17:30:00-06:00 Denver,213.2588520625 kBTU
2018-08-26T17:45:00-06:00 Denver,133.2867825390625 kBTU
2018-08-26T18:00:00-06:00 Denver,266.573565078125 kBTU
2018-08-26T18:15:00-06:00 Denver,186.6014955546875 kBTU
2018-08-26T18:30:00-06:00 Denver,133.2867825390625 kBTU
2018-08-26T18:45:00-06:00 Denver,159.944139046875 kBTU
2018-08-26T19:00:00-06:00 Denver,186.6014955546875 kBTU
2018-08-26T19:15:00-06:00 Denver,266.573565078125 kBTU
2018-08-26T19:30:00-06:00 Denver,399.86034761718753 kBTU
2018-08-26T19:45:00-06:00 Denver,186.6014955546875 kBTU
2018-08-26T20:00:00-06:00 Denver,159.944139046875 kBTU
2018-08-26T20:15:00-06:00 Denver,133.2867825390625 kBTU
2018-08-26T20:30:00-06:00 Denver,159.944139046875 kBTU
2018-08-26T20:45:00-06:00 Denver,159.944139046875 kBTU
2018-08-26T21:00:00-06:00 Denver,293.2309215859375 kBTU
2018-08-26T21:15:00-06:00 Denver,133.2867825390625 kBTU
2018-08-26T21:30:00-06:00 Denver,239.9162085703125 kBTU
2018-08-26T21:45:00-06:00 Denver,319.88827809375 kBTU
2018-08-26T22:00:00-06:00 Denver,239.9162085703125 kBTU
2018-08-26T22:15:00-06:00 Denver,133.2867825390625 kBTU
2018-08-26T22:30:00-06:00 Denver,266.573565078125 kBTU
2018-08-26T22:45:00-06:00 Denver,159.944139046875 kBTU
2018-08-26T23:00:00-06:00 Denver,159.944139046875 kBTU
2018-08-26T23:15:00-06:00 Denver,159.944139046875 kBTU
2018-08-26T23:30:00-06:00 Denver,133.2867825390625 kBTU
2018-08-26T23:45:00-06:00 Denver,159.944139046875 kBTU
2018-08-27T00:00:00-06:00 Denver,426.517704125 kBTU
2018-08-27T00:15:00-06:00 Denver,346.54563460156254 kBTU
2018-08-27T00:30:00-06:00 Denver,133.2867825390625 kBTU
2018-08-27T00:45:00-06:00 Denver,159.944139046875 kBTU
2018-08-27T01:00:00-06:00 Denver,133.2867825390625 kBTU
2018-08-27T01:15:00-06:00 Denver,186.6014955546875 kBTU
2018-08-27T01:30:00-06:00 Denver,266.573565078125 kBTU
2018-08-27T01:45:00-06:00 Denver,133.2867825390625 kBTU
2018-08-27T02:00:00-06:00 Denver,159.944139046875 kBTU
2018-08-27T02:15:00-06:00 Denver,213.2588520625 kBTU
2018-08-27T02:30:00-06:00 Denver,346.54563460156254 kBTU
2018-08-27T02:45:00-06:00 Denver,266.573565078125 kBTU
2018-08-27T03:00:00-06:00 Denver,239.9162085703125 kBTU
2018-08-27T03:15:00-06:00 Denver,133.2867825390625 kBTU
2018-08-27T03:30:00-06:00 Denver,186.6014955546875 kBTU
2018-08-27T03:45:00-06:00 Denver,133.2867825390625 kBTU
2018-08-27T04:00:00-06:00 Denver,159.944139046875 kBTU
2018-08-27T04:15:00-06:00 Denver,266.573565078125 kBTU
2018-08-27T04:30:00-06:00 Denver,133.2867825390625 kBTU
2018-08-27T04:45:00-06:00 Denver,346.54563460156254 kBTU
2018-08-27T05:00:00-06:00 Denver,293.2309215859375 kBTU
2018-08-27T05:15:00-06:00 Denver,159.944139046875 kBTU
2018-08-27T05:30:00-06:00 Denver,159.944139046875 kBTU
2018-08-27T05:45:00-06:00 Denver,293.2309215859375 kBTU
2018-08-27T06:00:00-06:00 Denver,133.2867825390625 kBTU
2018-08-27T06:15:00-06:00 Denver,133.2867825390625 kBTU
2018-08-27T06:30:00-06:00 Denver,373.202991109375 kBTU
2018-08-27T06:45:00-06:00 Denver,2585.763581257813 kBTU
2018-08-27T07:00:00-06:00 Denver,3012.2812853828127 kBTU
2018-08-27T07:15:00-06:00 Denver,346.54563460156254 kBTU
2018-08-27T07:30:00-06:00 Denver,5784.646362195313 kBTU
2018-08-27T07:45:00-06:00 Denver,6904.255335523438 kBTU
2018-08-27T08:00:00-06:00 Denver,1892.6723120546876 kBTU
2018-08-27T08:15:00-06:00 Denver,2852.3371463359376 kBTU
2018-08-27T08:30:00-06:00 Denver,3945.28876315625 kBTU
2018-08-27T08:45:00-06:00 Denver,2932.309215859375 kBTU
2018-08-27T09:00:00-06:00 Denver,3652.0578415703126 kBTU
2018-08-27T09:15:00-06:00 Denver,2079.273807609375 kBTU
2018-08-27T09:30:00-06:00 Denver,3012.2812853828127 kBTU
2018-08-27T09:45:00-06:00 Denver,4158.54761521875 kBTU
2018-08-27T10:00:00-06:00 Denver,3518.7710590312504 kBTU
2018-08-27T10:15:00-06:00 Denver,3065.5959983984376 kBTU
2018-08-27T10:30:00-06:00 Denver,4398.463823789062 kBTU
2018-08-27T10:45:00-06:00 Denver,2052.6164511015622 kBTU
2018-08-27T11:00:00-06:00 Denver,4158.54761521875 kBTU
2018-08-27T11:15:00-06:00 Denver,4771.666814898437 kBTU
2018-08-27T11:30:00-06:00 Denver,5064.897736484375 kBTU
2018-08-27T11:45:00-06:00 Denver,5384.786014578125 kBTU
2018-08-27T12:00:00-06:00 Denver,8183.808447898437 kBTU
2018-08-27T12:15:00-06:00 Denver,7517.374535203125 kBTU
2018-08-27T12:30:00-06:00 Denver,4558.407962835938 kBTU
2018-08-27T12:45:00-06:00 Denver,6531.052344414063 kBTU
2018-08-27T13:00:00-06:00 Denver,4904.9535974375 kBTU
2018-08-27T13:15:00-06:00 Denver,6477.737631398438 kBTU
2018-08-27T13:30:00-06:00 Denver,5411.4433710859375 kBTU
2018-08-27T13:45:00-06:00 Denver,6637.681770445312 kBTU
2018-08-27T14:00:00-06:00 Denver,5784.646362195313 kBTU
2018-08-27T14:15:00-06:00 Denver,6611.0244139375 kBTU
2018-08-27T14:30:00-06:00 Denver,6264.478779335937 kBTU
2018-08-27T14:45:00-06:00 Denver,9463.361560273437 kBTU
2018-08-27T15:00:00-06:00 Denver,6104.534640289063 kBTU
2018-08-27T15:15:00-06:00 Denver,7144.1715440937505 kBTU
2018-08-27T15:30:00-06:00 Denver,6664.339126953126 kBTU
2018-08-27T15:45:00-06:00 Denver,6877.597979015624 kBTU
2018-08-27T16:00:00-06:00 Denver,6451.080274890625 kBTU
2018-08-27T16:15:00-06:00 Denver,4185.204971726563 kBTU
2018-08-27T16:30:00-06:00 Denver,4611.722675851563 kBTU
2018-08-27T16:45:00-06:00 Denver,3438.798989507812 kBTU
2018-08-27T17:00:00-06:00 Denver,5011.58302346875 kBTU
2018-08-27T17:15:00-06:00 Denver,3358.826919984375 kBTU
2018-08-27T17:30:00-06:00 Denver,5038.2403799765625 kBTU
2018-08-27T17:45:00-06:00 Denver,2905.6518593515625 kBTU
2018-08-27T18:00:00-06:00 Denver,5251.499232039063 kBTU
2018-08-27T18:15:00-06:00 Denver,2745.7077203046874 kBTU
2018-08-27T18:30:00-06:00 Denver,4665.0373888671875 kBTU
2018-08-27T18:45:00-06:00 Denver,3198.8827809375002 kBTU
2018-08-27T19:00:00-06:00 Denver,4238.519684742188 kBTU
2018-08-27T19:15:00-06:00 Denver,3198.8827809375002 kBTU
2018-08-27T19:30:00-06:00 Denver,4105.2329022031245 kBTU
2018-08-27T19:45:00-06:00 Denver,2079.273807609375 kBTU
2018-08-27T20:00:00-06:00 Denver,4105.2329022031245 kBTU
2018-08-27T20:15:00-06:00 Denver,2852.3371463359376 kBTU
2018-08-27T20:30:00-06:00 Denver,239.9162085703125 kBTU
2018-08-27T20:45:00-06:00 Denver,159.944139046875 kBTU
2018-08-27T21:00:00-06:00 Denver,159.944139046875 kBTU
2018-08-27T21:15:00-06:00 Denver,266.573565078125 kBTU
2018-08-27T21:30:00-06:00 Denver,239.9162085703125 kBTU
2018-08-27T21:45:00-06:00 Denver,159.944139046875 kBTU
2018-08-27T22:00:00-06:00 Denver,186.6014955546875 kBTU
2018-08-27T22:15:00-06:00 Denver,266.573565078125 kBTU
2018-08-27T22:30:00-06:00 Denver,373.202991109375 kBTU
2018-08-27T22:45:00-06:00 Denver,133.2867825390625 kBTU
2018-08-27T23:00:00-06:00 Denver,159.944139046875 kBTU
2018-08-27T23:15:00-06:00 Denver,2399.162085703125 kBTU
2018-08-27T23:30:00-06:00 Denver,159.944139046875 kBTU
2018-08-27T23:45:00-06:00 Denver,319.88827809375 kBTU
2018-08-28T00:00:00-06:00 Denver,213.2588520625 kBTU
2018-08-28T00:15:00-06:00 Denver,159.944139046875 kBTU
2018-08-28T00:30:00-06:00 Denver,159.944139046875 kBTU
2018-08-28T00:45:00-06:00 Denver,293.2309215859375 kBTU
2018-08-28T01:00:00-06:00 Denver,293.2309215859375 kBTU
2018-08-28T01:15:00-06:00 Denver,213.2588520625 kBTU
2018-08-28T01:30:00-06:00 Denver,159.944139046875 kBTU
2018-08-28T01:45:00-06:00 Denver,186.6014955546875 kBTU
2018-08-28T02:00:00-06:00 Denver,159.944139046875 kBTU
2018-08-28T02:15:00-06:00 Denver,239.9162085703125 kBTU
2018-08-28T02:30:00-06:00 Denver,266.573565078125 kBTU
2018-08-28T02:45:00-06:00 Denver,186.6014955546875 kBTU
2018-08-28T03:00:00-06:00 Denver,133.2867825390625 kBTU
2018-08-28T03:15:00-06:00 Denver,266.573565078125 kBTU
2018-08-28T03:30:00-06:00 Denver,266.573565078125 kBTU
2018-08-28T03:45:00-06:00 Denver,239.9162085703125 kBTU
2018-08-28T04:00:00-06:00 Denver,186.6014955546875 kBTU
2018-08-28T04:15:00-06:00 Denver,159.944139046875 kBTU
2018-08-28T04:30:00-06:00 Denver,213.2588520625 kBTU
2018-08-28T04:45:00-06:00 Denver,186.6014955546875 kBTU
2018-08-28T05:00:00-06:00 Denver,213.2588520625 kBTU
2018-08-28T05:15:00-06:00 Denver,213.2588520625 kBTU
2018-08-28T05:30:00-06:00 Denver,159.944139046875 kBTU
2018-08-28T05:45:00-06:00 Denver,266.573565078125 kBTU
2018-08-28T06:00:00-06:00 Denver,239.9162085703125 kBTU
2018-08-28T06:15:00-06:00 Denver,213.2588520625 kBTU
2018-08-28T06:30:00-06:00 Denver,133.2867825390625 kBTU
2018-08-28T06:45:00-06:00 Denver,1732.7281730078125 kBTU
2018-08-28T07:00:00-06:00 Denver,53.314713015625 kBTU
2018-08-28T07:15:00-06:00 Denver,0.0 kBTU
2018-08-28T07:30:00-06:00 Denver,1812.7002425312498 kBTU
2018-08-28T07:45:00-06:00 Denver,1866.014955546875 kBTU
2018-08-28T08:00:00-06:00 Denver,1839.3575990390625 kBTU
2018-08-28T08:15:00-06:00 Denver,1945.9870250703127 kBTU
2018-08-28T08:30:00-06:00 Denver,1919.3296685625 kBTU
2018-08-28T08:45:00-06:00 Denver,1839.3575990390625 kBTU
2018-08-28T09:00:00-06:00 Denver,1892.6723120546876 kBTU
2018-08-28T09:15:00-06:00 Denver,2719.050363796875 kBTU
2018-08-28T09:30:00-06:00 Denver,2585.763581257813 kBTU
2018-08-28T09:45:04-06:00 Denver,2452.47679871875 kBTU
2018-08-28T10:00:00-06:00 Denver,3545.4284155390624 kBTU
2018-08-28T10:15:00-06:00 Denver,3385.4842764921877 kBTU
2018-08-28T10:30:00-06:00 Denver,2532.4488682421875 kBTU
2018-08-28T10:45:00-06:00 Denver,2958.966572367188 kBTU
2018-08-28T11:00:00-06:00 Denver,3065.5959983984376 kBTU
2018-08-28T11:15:00-06:00 Denver,3012.2812853828127 kBTU
2018-08-28T11:30:00-06:00 Denver,3758.6872676015623 kBTU
2018-08-28T11:45:00-06:00 Denver,4531.750606328125 kBTU
2018-08-28T12:00:00-06:00 Denver,4771.666814898437 kBTU
2018-08-28T12:15:00-06:00 Denver,4265.17704125 kBTU
2018-08-28T12:30:00-06:00 Denver,4638.380032359375 kBTU
2018-08-28T12:45:00-06:00 Denver,4851.6388844218745 kBTU
2018-08-28T13:00:00-06:00 Denver,4665.0373888671875 kBTU
2018-08-28T13:15:00-06:00 Denver,5438.10072759375 kBTU
2018-08-28T13:30:00-06:00 Denver,6104.534640289063 kBTU
2018-08-28T13:45:00-06:00 Denver,6104.534640289063 kBTU
2018-08-28T14:00:00-06:00 Denver,5464.758084101562 kBTU
2018-08-28T14:15:00-06:00 Denver,4931.610953945313 kBTU
2018-08-28T14:30:00-06:00 Denver,4798.32417140625 kBTU
2018-08-28T14:45:00-06:00 Denver,6451.080274890625 kBTU
2018-08-28T15:00:00-06:00 Denver,4478.4358933124995 kBTU
2018-08-28T15:15:00-06:00 Denver,6424.422918382812 kBTU
2018-08-28T15:30:00-06:00 Denver,5091.555092992187 kBTU
2018-08-28T15:45:00-06:00 Denver,6317.793492351562 kBTU
2018-08-28T16:00:00-06:00 Denver,5038.2403799765625 kBTU
2018-08-28T16:15:00-06:00 Denver,6317.793492351562 kBTU
2018-08-28T16:30:00-06:00 Denver,5144.869806007812 kBTU
2018-08-28T16:45:00-06:00 Denver,5011.58302346875 kBTU
2018-08-28T17:00:00-06:00 Denver,4131.890258710938 kBTU
2018-08-28T17:15:00-06:00 Denver,3252.1974939531246 kBTU
2018-08-28T17:30:00-06:00 Denver,4425.121180296875 kBTU
2018-08-28T17:45:00-06:00 Denver,3038.938641890625 kBTU
2018-08-28T18:00:00-06:00 Denver,3545.4284155390624 kBTU
2018-08-28T18:15:00-06:00 Denver,3785.344624109375 kBTU
2018-08-28T18:30:00-06:00 Denver,3625.4004850624997 kBTU
2018-08-28T18:45:00-06:00 Denver,4131.890258710938 kBTU
2018-08-28T19:00:00-06:00 Denver,2772.3650768125003 kBTU
2018-08-28T19:15:00-06:00 Denver,3305.51220696875 kBTU
2018-08-28T19:30:00-06:00 Denver,2985.623928875 kBTU
2018-08-28T19:45:00-06:00 Denver,4025.260832679687 kBTU
2018-08-28T20:00:00-06:00 Denver,1866.014955546875 kBTU
2018-08-28T20:15:00-06:00 Denver,2878.99450284375 kBTU
2018-08-28T20:30:00-06:00 Denver,346.54563460156254 kBTU
2018-08-28T20:45:00-06:00 Denver,346.54563460156254 kBTU
2018-08-28T21:00:00-06:00 Denver,159.944139046875 kBTU
2018-08-28T21:15:00-06:00 Denver,186.6014955546875 kBTU
2018-08-28T21:30:00-06:00 Denver,186.6014955546875 kBTU
2018-08-28T21:45:00-06:00 Denver,186.6014955546875 kBTU
2018-08-28T22:00:00-06:00 Denver,159.944139046875 kBTU
2018-08-28T22:15:00-06:00 Denver,266.573565078125 kBTU
2018-08-28T22:30:00-06:00 Denver,186.6014955546875 kBTU
2018-08-28T22:45:00-06:00 Denver,159.944139046875 kBTU
2018-08-28T23:00:00-06:00 Denver,266.573565078125 kBTU
2018-08-28T23:15:00-06:00 Denver,213.2588520625 kBTU
2018-08-28T23:30:00-06:00 Denver,266.573565078125 kBTU
2018-08-28T23:45:00-06:00 Denver,239.9162085703125 kBTU
2018-08-29T00:00:00-06:00 Denver,186.6014955546875 kBTU
2018-08-29T00:15:00-06:00 Denver,133.2867825390625 kBTU
2018-08-29T00:30:00-06:00 Denver,159.944139046875 kBTU
2018-08-29T00:45:00-06:00 Denver,213.2588520625 kBTU
2018-08-29T01:00:00-06:00 Denver,239.9162085703125 kBTU
2018-08-29T01:15:00-06:00 Denver,213.2588520625 kBTU
2018-08-29T01:30:00-06:00 Denver,239.9162085703125 kBTU
2018-08-29T01:45:00-06:00 Denver,186.6014955546875 kBTU
2018-08-29T02:00:00-06:00 Denver,213.2588520625 kBTU
2018-08-29T02:15:00-06:00 Denver,346.54563460156254 kBTU
2018-08-29T02:30:00-06:00 Denver,159.944139046875 kBTU
2018-08-29T02:45:00-06:00 Denver,133.2867825390625 kBTU
2018-08-29T03:00:00-06:00 Denver,186.6014955546875 kBTU
2018-08-29T03:15:00-06:00 Denver,133.2867825390625 kBTU
2018-08-29T03:30:00-06:00 Denver,159.944139046875 kBTU
2018-08-29T03:45:00-06:00 Denver,319.88827809375 kBTU
2018-08-29T04:00:00-06:00 Denver,266.573565078125 kBTU
2018-08-29T04:15:00-06:00 Denver,213.2588520625 kBTU
2018-08-29T04:30:00-06:00 Denver,239.9162085703125 kBTU
2018-08-29T04:45:00-06:00 Denver,159.944139046875 kBTU
2018-08-29T05:00:00-06:00 Denver,266.573565078125 kBTU
2018-08-29T05:15:00-06:00 Denver,186.6014955546875 kBTU
2018-08-29T05:30:00-06:00 Denver,133.2867825390625 kBTU
2018-08-29T05:45:00-06:00 Denver,159.944139046875 kBTU
2018-08-29T06:00:00-06:00 Denver,133.2867825390625 kBTU
2018-08-29T06:15:00-06:00 Denver,213.2588520625 kBTU
2018-08-29T06:30:00-06:00 Denver,693.0912692031251 kBTU
2018-08-29T06:45:00-06:00 Denver,1466.1546079296875 kBTU
2018-08-29T07:00:00-06:00 Denver,773.0633387265625 kBTU
2018-08-29T07:15:00-06:00 Denver,2079.273807609375 kBTU
2018-08-29T07:30:00-06:00 Denver,1839.3575990390625 kBTU
2018-08-29T07:45:00-06:00 Denver,2052.6164511015622 kBTU
2018-08-29T08:00:00-06:00 Denver,1919.3296685625 kBTU
2018-08-29T08:15:00-06:00 Denver,1866.014955546875 kBTU
2018-08-29T08:30:00-06:00 Denver,1786.0428860234376 kBTU
2018-08-29T08:45:00-06:00 Denver,1892.6723120546876 kBTU
2018-08-29T09:00:00-06:00 Denver,2025.95909459375 kBTU
2018-08-29T09:15:00-06:00 Denver,1945.9870250703127 kBTU
2018-08-29T09:30:00-06:00 Denver,1839.3575990390625 kBTU
2018-08-29T09:45:00-06:00 Denver,2665.73565078125 kBTU
2018-08-29T10:00:00-06:00 Denver,1572.7840339609377 kBTU
2018-08-29T10:15:00-06:00 Denver,2452.47679871875 kBTU
2018-08-29T10:30:00-06:00 Denver,2799.0224333203123 kBTU
2018-08-29T10:45:00-06:00 Denver,4131.890258710938 kBTU
2018-08-29T11:00:00-06:00 Denver,3971.9461196640627 kBTU
2018-08-29T11:15:00-06:00 Denver,4238.519684742188 kBTU
2018-08-29T11:30:00-06:00 Denver,4638.380032359375 kBTU
2018-08-29T11:45:00-06:00 Denver,4505.093249820313 kBTU
2018-08-29T12:00:00-06:00 Denver,5811.303718703125 kBTU
2018-08-29T12:15:00-06:00 Denver,6211.1640663203125 kBTU
2018-08-29T12:30:00-06:00 Denver,3652.0578415703126 kBTU
2018-08-29T12:45:00-06:00 Denver,6690.996483460937 kBTU
2018-08-29T13:00:00-06:00 Denver,5678.016936164062 kBTU
2018-08-29T13:15:00-06:00 Denver,5118.2124495 kBTU
2018-08-29T13:30:00-06:00 Denver,6877.597979015624 kBTU
2018-08-29T13:45:00-06:00 Denver,5598.044866640625 kBTU
2018-08-29T14:00:00-06:00 Denver,7997.20695234375 kBTU
2018-08-29T14:15:00-06:00 Denver,5224.84187553125 kBTU
2018-08-29T14:30:00-06:00 Denver,8770.270291070312 kBTU
2018-08-29T14:45:00-06:00 Denver,5757.9890056875 kBTU
2018-08-29T15:00:00-06:00 Denver,8263.780517421876 kBTU
2018-08-29T15:15:00-06:00 Denver,9223.445351703125 kBTU
2018-08-29T15:30:00-06:00 Denver,6744.311196476563 kBTU
2018-08-29T15:45:00-06:00 Denver,8636.98350853125 kBTU
2018-08-29T16:00:00-06:00 Denver,6424.422918382812 kBTU
2018-08-29T16:15:00-06:00 Denver,8290.437873929688 kBTU
2018-08-29T16:30:00-06:00 Denver,8423.72465646875 kBTU
2018-08-29T16:45:00-06:00 Denver,7917.234882820312 kBTU
2018-08-29T17:00:00-06:00 Denver,6930.91269203125 kBTU
2018-08-29T17:15:00-06:00 Denver,7917.234882820312 kBTU
2018-08-29T17:30:00-06:00 Denver,5678.016936164062 kBTU
2018-08-29T17:45:00-06:00 Denver,6371.108205367188 kBTU
2018-08-29T18:00:00-06:00 Denver,5384.786014578125 kBTU
2018-08-29T18:15:00-06:00 Denver,6317.793492351562 kBTU
2018-08-29T18:30:00-06:00 Denver,4451.778536804688 kBTU
2018-08-29T18:45:00-06:00 Denver,4531.750606328125 kBTU
2018-08-29T19:00:00-06:00 Denver,4238.519684742188 kBTU
2018-08-29T19:15:00-06:00 Denver,3305.51220696875 kBTU
2018-08-29T19:30:00-06:00 Denver,3545.4284155390624 kBTU
2018-08-29T19:45:00-06:00 Denver,3838.659337125 kBTU
2018-08-29T20:00:00-06:00 Denver,3145.5680679218754 kBTU
2018-08-29T20:15:00-06:00 Denver,3652.0578415703126 kBTU
2018-08-29T20:30:00-06:00 Denver,1412.8398949140626 kBTU
2018-08-29T20:45:00-06:00 Denver,346.54563460156254 kBTU
2018-08-29T21:00:00-06:00 Denver,239.9162085703125 kBTU
2018-08-29T21:15:00-06:00 Denver,453.17506063281246 kBTU
2018-08-29T21:30:00-06:00 Denver,346.54563460156254 kBTU
2018-08-29T21:45:00-06:00 Denver,213.2588520625 kBTU
2018-08-29T22:00:00-06:00 Denver,399.86034761718753 kBTU
2018-08-29T22:15:00-06:00 Denver,239.9162085703125 kBTU
2018-08-29T22:30:00-06:00 Denver,213.2588520625 kBTU
2018-08-29T22:45:00-06:00 Denver,239.9162085703125 kBTU
2018-08-29T23:00:00-06:00 Denver,239.9162085703125 kBTU
2018-08-29T23:15:00-06:00 Denver,373.202991109375 kBTU
2018-08-29T23:30:00-06:00 Denver,319.88827809375 kBTU
2018-08-29T23:45:00-06:00 Denver,373.202991109375 kBTU
2018-08-30T00:00:00-06:00 Denver,346.54563460156254 kBTU
2018-08-30T00:15:00-06:00 Denver,239.9162085703125 kBTU
2018-08-30T00:30:00-06:00 Denver,239.9162085703125 kBTU
2018-08-30T00:45:00-06:00 Denver,373.202991109375 kBTU
2018-08-30T01:00:00-06:00 Denver,239.9162085703125 kBTU
2018-08-30T01:15:00-06:00 Denver,239.9162085703125 kBTU
2018-08-30T01:30:00-06:00 Denver,239.9162085703125 kBTU
2018-08-30T01:45:00-06:00 Denver,266.573565078125 kBTU
2018-08-30T02:00:00-06:00 Denver,373.202991109375 kBTU
2018-08-30T02:15:00-06:00 Denver,373.202991109375 kBTU
2018-08-30T02:30:00-06:00 Denver,346.54563460156254 kBTU
2018-08-30T02:45:00-06:00 Denver,266.573565078125 kBTU
2018-08-30T03:00:00-06:00 Denver,239.9162085703125 kBTU
2018-08-30T03:15:00-06:00 Denver,239.9162085703125 kBTU
2018-08-30T03:30:00-06:00 Denver,346.54563460156254 kBTU
2018-08-30T03:45:00-06:00 Denver,239.9162085703125 kBTU
2018-08-30T04:00:00-06:00 Denver,239.9162085703125 kBTU
2018-08-30T04:15:00-06:00 Denver,293.2309215859375 kBTU
2018-08-30T04:30:00-06:00 Denver,293.2309215859375 kBTU
2018-08-30T04:45:00-06:00 Denver,319.88827809375 kBTU
2018-08-30T05:00:00-06:00 Denver,479.832417140625 kBTU
2018-08-30T05:15:00-06:00 Denver,239.9162085703125 kBTU
2018-08-30T05:30:00-06:00 Denver,239.9162085703125 kBTU
2018-08-30T05:45:00-06:00 Denver,239.9162085703125 kBTU
2018-08-30T06:00:00-06:00 Denver,239.9162085703125 kBTU
2018-08-30T06:15:00-06:00 Denver,346.54563460156254 kBTU
2018-08-30T06:30:00-06:00 Denver,213.2588520625 kBTU
2018-08-30T06:45:00-06:00 Denver,1786.0428860234376 kBTU
2018-08-30T07:00:00-06:00 Denver,106.62942603125 kBTU
2018-08-30T07:15:00-06:00 Denver,106.62942603125 kBTU
2018-08-30T07:30:00-06:00 Denver,5091.555092992187 kBTU
2018-08-30T07:45:00-06:00 Denver,1999.3017380859376 kBTU
2018-08-30T08:00:00-06:00 Denver,1812.7002425312498 kBTU
2018-08-30T08:15:00-06:00 Denver,2878.99450284375 kBTU
2018-08-30T08:30:00-06:00 Denver,2852.3371463359376 kBTU
2018-08-30T08:45:00-06:00 Denver,2665.73565078125 kBTU
2018-08-30T09:00:00-06:00 Denver,3305.51220696875 kBTU
2018-08-30T09:15:00-06:00 Denver,2425.8194422109373 kBTU
2018-08-30T09:30:00-06:00 Denver,3732.02991109375 kBTU
2018-08-30T09:45:00-06:00 Denver,2425.8194422109373 kBTU
2018-08-30T10:00:00-06:00 Denver,3785.344624109375 kBTU
2018-08-30T10:15:00-06:00 Denver,3838.659337125 kBTU
2018-08-30T10:30:00-06:00 Denver,3225.5401374453127 kBTU
2018-08-30T10:45:00-06:00 Denver,3225.5401374453127 kBTU
2018-08-30T11:00:00-06:00 Denver,4291.834397757812 kBTU
2018-08-30T11:15:00-06:00 Denver,2372.504729195313 kBTU
2018-08-30T11:30:00-06:00 Denver,4131.890258710938 kBTU
2018-08-30T11:45:00-06:00 Denver,5971.24785775 kBTU
2018-08-30T12:00:00-06:00 Denver,3118.9107114140625 kBTU
2018-08-30T12:15:00-06:00 Denver,4931.610953945313 kBTU
2018-08-30T12:30:00-06:00 Denver,4051.9181891875 kBTU
2018-08-30T12:45:00-06:00 Denver,3358.826919984375 kBTU
2018-08-30T13:00:00-06:00 Denver,5064.897736484375 kBTU
2018-08-30T13:15:00-06:00 Denver,3891.9740501406254 kBTU
2018-08-30T13:30:00-06:00 Denver,4238.519684742188 kBTU
2018-08-30T13:45:00-06:00 Denver,5598.044866640625 kBTU
2018-08-30T14:00:00-06:00 Denver,4078.575545695313 kBTU
2018-08-30T14:15:00-06:00 Denver,4558.407962835938 kBTU
2018-08-30T14:30:00-06:00 Denver,6024.562570765625 kBTU
2018-08-30T14:45:00-06:00 Denver,4211.862328234375 kBTU
2018-08-30T15:00:00-06:00 Denver,4878.296240929688 kBTU
2018-08-30T15:15:00-06:00 Denver,5384.786014578125 kBTU
2018-08-30T15:30:00-06:00 Denver,4265.17704125 kBTU
2018-08-30T15:45:00-06:00 Denver,5224.84187553125 kBTU
2018-08-30T16:00:00-06:00 Denver,5651.35957965625 kBTU
2018-08-30T16:15:00-06:00 Denver,5064.897736484375 kBTU
2018-08-30T16:30:00-06:00 Denver,4585.06531934375 kBTU
2018-08-30T16:45:00-06:00 Denver,6131.191996796875 kBTU
2018-08-30T17:00:00-06:00 Denver,4638.380032359375 kBTU
2018-08-30T17:15:00-06:00 Denver,4505.093249820313 kBTU
2018-08-30T17:30:00-06:00 Denver,6157.849353304688 kBTU
2018-08-30T17:45:00-06:00 Denver,4798.32417140625 kBTU
2018-08-30T18:00:00-06:00 Denver,4345.149110773437 kBTU
2018-08-30T18:15:00-06:00 Denver,4265.17704125 kBTU
2018-08-30T18:30:00-06:00 Denver,3252.1974939531246 kBTU
2018-08-30T18:45:00-06:00 Denver,5384.786014578125 kBTU
2018-08-30T19:00:00-06:00 Denver,3598.7431285546877 kBTU
2018-08-30T19:15:00-06:00 Denver,4105.2329022031245 kBTU
2018-08-30T19:30:00-06:00 Denver,3358.826919984375 kBTU
2018-08-30T19:45:00-06:00 Denver,4291.834397757812 kBTU
2018-08-30T20:00:00-06:00 Denver,4158.54761521875 kBTU
2018-08-30T20:15:00-06:00 Denver,3358.826919984375 kBTU
2018-08-30T20:30:00-06:00 Denver,479.832417140625 kBTU
2018-08-30T20:45:00-06:00 Denver,239.9162085703125 kBTU
2018-08-30T21:00:00-06:00 Denver,159.944139046875 kBTU
2018-08-30T21:15:00-06:00 Denver,266.573565078125 kBTU
2018-08-30T21:30:00-06:00 Denver,133.2867825390625 kBTU
2018-08-30T21:45:00-06:00 Denver,186.6014955546875 kBTU
2018-08-30T22:00:00-06:00 Denver,133.2867825390625 kBTU
2018-08-30T22:15:00-06:00 Denver,159.944139046875 kBTU
2018-08-30T22:30:00-06:00 Denver,319.88827809375 kBTU
2018-08-30T22:45:00-06:00 Denver,239.9162085703125 kBTU
2018-08-30T23:00:00-06:00 Denver,266.573565078125 kBTU
2018-08-30T23:15:00-06:00 Denver,213.2588520625 kBTU
2018-08-30T23:30:00-06:00 Denver,133.2867825390625 kBTU
2018-08-30T23:45:00-06:00 Denver,159.944139046875 kBTU
2018-08-31T00:00:00-06:00 Denver,293.2309215859375 kBTU
2018-08-31T00:15:00-06:00 Denver,133.2867825390625 kBTU
2018-08-31T00:30:00-06:00 Denver,133.2867825390625 kBTU
2018-08-31T00:45:00-06:00 Denver,159.944139046875 kBTU
2018-08-31T01:00:00-06:00 Denver,186.6014955546875 kBTU
2018-08-31T01:15:00-06:00 Denver,373.202991109375 kBTU
2018-08-31T01:30:00-06:00 Denver,293.2309215859375 kBTU
2018-08-31T01:45:00-06:00 Denver,186.6014955546875 kBTU
2018-08-31T02:00:00-06:00 Denver,159.944139046875 kBTU
2018-08-31T02:15:00-06:00 Denver,133.2867825390625 kBTU
2018-08-31T02:30:00-06:00 Denver,266.573565078125 kBTU
2018-08-31T02:45:00-06:00 Denver,133.2867825390625 kBTU
2018-08-31T03:00:00-06:00 Denver,186.6014955546875 kBTU
2018-08-31T03:15:00-06:00 Denver,159.944139046875 kBTU
2018-08-31T03:30:00-06:00 Denver,186.6014955546875 kBTU
2018-08-31T03:45:00-06:00 Denver,399.86034761718753 kBTU
2018-08-31T04:00:00-06:00 Denver,319.88827809375 kBTU
2018-08-31T04:15:00-06:00 Denver,159.944139046875 kBTU
2018-08-31T04:30:00-06:00 Denver,159.944139046875 kBTU
2018-08-31T04:45:00-06:00 Denver,133.2867825390625 kBTU
2018-08-31T05:00:00-06:00 Denver,186.6014955546875 kBTU
2018-08-31T05:15:00-06:00 Denver,266.573565078125 kBTU
2018-08-31T05:30:00-06:00 Denver,133.2867825390625 kBTU
2018-08-31T05:45:00-06:00 Denver,186.6014955546875 kBTU
2018-08-31T06:00:00-06:00 Denver,159.944139046875 kBTU
2018-08-31T06:15:00-06:00 Denver,266.573565078125 kBTU
2018-08-31T06:30:00-06:00 Denver,346.54563460156254 kBTU
2018-08-31T06:45:00-06:00 Denver,266.573565078125 kBTU
2018-08-31T07:00:00-06:00 Denver,133.2867825390625 kBTU
2018-08-31T07:15:00-06:00 Denver,319.88827809375 kBTU
2018-08-31T07:30:00-06:00 Denver,5837.961075210937 kBTU
2018-08-31T07:45:00-06:00 Denver,1972.644381578125 kBTU
2018-08-31T08:00:00-06:00 Denver,3012.2812853828127 kBTU
2018-08-31T08:15:00-06:00 Denver,2479.1341552265626 kBTU
2018-08-31T08:30:00-06:00 Denver,2345.8473726875 kBTU
2018-08-31T08:45:00-06:00 Denver,3891.9740501406254 kBTU
2018-08-31T09:00:00-06:00 Denver,2985.623928875 kBTU
2018-08-31T09:15:00-06:00 Denver,1999.3017380859376 kBTU
2018-08-31T09:30:00-06:00 Denver,3732.02991109375 kBTU
2018-08-31T09:45:00-06:00 Denver,4051.9181891875 kBTU
2018-08-31T10:00:00-06:00 Denver,4824.981527914063 kBTU
2018-08-31T10:15:00-06:00 Denver,5491.415440609375 kBTU
2018-08-31T10:30:00-06:00 Denver,4318.491754265625 kBTU
2018-08-31T10:45:00-06:00 Denver,3652.0578415703126 kBTU
2018-08-31T11:00:00-06:00 Denver,5491.415440609375 kBTU
2018-08-31T11:15:00-06:00 Denver,4478.4358933124995 kBTU
2018-08-31T11:30:00-06:00 Denver,5598.044866640625 kBTU
2018-08-31T11:45:00-06:00 Denver,4158.54761521875 kBTU
2018-08-31T12:00:00-06:00 Denver,4131.890258710938 kBTU
2018-08-31T12:15:00-06:00 Denver,5624.702223148438 kBTU
2018-08-31T12:30:00-06:00 Denver,3785.344624109375 kBTU
2018-08-31T12:45:00-06:00 Denver,6157.849353304688 kBTU
2018-08-31T13:00:00-06:00 Denver,2985.623928875 kBTU
2018-08-31T13:15:00-06:00 Denver,5811.303718703125 kBTU
2018-08-31T13:30:00-06:00 Denver,6237.821422828125 kBTU
2018-08-31T13:45:00-06:00 Denver,7544.031891710937 kBTU
2018-08-31T14:00:00-06:00 Denver,7464.0598221875 kBTU
2018-08-31T14:15:00-06:00 Denver,6157.849353304688 kBTU
2018-08-31T14:30:00-06:00 Denver,8397.067299960938 kBTU
2018-08-31T14:45:00-06:00 Denver,6264.478779335937 kBTU
2018-08-31T15:00:00-06:00 Denver,8237.123160914063 kBTU
2018-08-31T15:15:00-06:00 Denver,9836.564551382813 kBTU
2018-08-31T15:30:00-06:00 Denver,7224.143613617188 kBTU
2018-08-31T15:45:00-06:00 Denver,8077.179021867189 kBTU
2018-08-31T16:00:00-06:00 Denver,8743.612934562501 kBTU
2018-08-31T16:15:00-06:00 Denver,8610.326152023437 kBTU
2018-08-31T16:30:00-06:00 Denver,6877.597979015624 kBTU
2018-08-31T16:45:00-06:00 Denver,7490.717178695313 kBTU
2018-08-31T17:00:00-06:00 Denver,7410.745109171876 kBTU
2018-08-31T17:15:00-06:00 Denver,6291.136135843751 kBTU
2018-08-31T17:30:00-06:00 Denver,6877.597979015624 kBTU
2018-08-31T17:45:00-06:00 Denver,3732.02991109375 kBTU
2018-08-31T18:00:00-06:00 Denver,7224.143613617188 kBTU
2018-08-31T18:15:00-06:00 Denver,4745.009458390626 kBTU
2018-08-31T18:30:00-06:00 Denver,6451.080274890625 kBTU
2018-08-31T18:45:00-06:00 Denver,3891.9740501406254 kBTU
2018-08-31T19:00:00-06:00 Denver,4398.463823789062 kBTU
2018-08-31T19:15:00-06:00 Denver,4611.722675851563 kBTU
2018-08-31T19:30:00-06:00 Denver,3572.0857720468753 kBTU
2018-08-31T19:45:00-06:00 Denver,4025.260832679687 kBTU
2018-08-31T20:00:00-06:00 Denver,3172.2254244296873 kBTU
2018-08-31T20:15:00-06:00 Denver,3758.6872676015623 kBTU
2018-08-31T20:30:00-06:00 Denver,613.1191996796875 kBTU
2018-08-31T20:45:00-06:00 Denver,239.9162085703125 kBTU
2018-08-31T21:00:00-06:00 Denver,373.202991109375 kBTU
2018-08-31T21:15:00-06:00 Denver,399.86034761718753 kBTU
2018-08-31T21:30:00-06:00 Denver,373.202991109375 kBTU
2018-08-31T21:45:00-06:00 Denver,239.9162085703125 kBTU
2018-08-31T22:00:00-06:00 Denver,239.9162085703125 kBTU
2018-08-31T22:15:00-06:00 Denver,239.9162085703125 kBTU
2018-08-31T22:30:00-06:00 Denver,373.202991109375 kBTU
2018-08-31T22:45:00-06:00 Denver,239.9162085703125 kBTU
2018-08-31T23:00:00-06:00 Denver,239.9162085703125 kBTU
2018-08-31T23:15:00-06:00 Denver,239.9162085703125 kBTU
2018-08-31T23:30:00-06:00 Denver,293.2309215859375 kBTU
2018-08-31T23:45:00-06:00 Denver,399.86034761718753 kBTU
2018-09-01T00:00:00-06:00 Denver,479.832417140625 kBTU
2018-09-01T00:15:00-06:00 Denver,239.9162085703125 kBTU
2018-09-01T00:30:00-06:00 Denver,239.9162085703125 kBTU
2018-09-01T00:45:00-06:00 Denver,239.9162085703125 kBTU
2018-09-01T01:00:00-06:00 Denver,239.9162085703125 kBTU
2018-09-01T01:15:00-06:00 Denver,239.9162085703125 kBTU
2018-09-01T01:30:00-06:00 Denver,373.202991109375 kBTU
2018-09-01T01:45:00-06:00 Denver,239.9162085703125 kBTU
2018-09-01T02:00:00-06:00 Denver,266.573565078125 kBTU
2018-09-01T02:15:00-06:00 Denver,399.86034761718753 kBTU
2018-09-01T02:30:00-06:00 Denver,346.54563460156254 kBTU
2018-09-01T02:45:00-06:00 Denver,373.202991109375 kBTU
2018-09-01T03:00:00-06:00 Denver,239.9162085703125 kBTU
2018-09-01T03:15:00-06:00 Denver,239.9162085703125 kBTU
2018-09-01T03:30:00-06:00 Denver,239.9162085703125 kBTU
2018-09-01T03:45:00-06:00 Denver,239.9162085703125 kBTU
2018-09-01T04:00:00-06:00 Denver,239.9162085703125 kBTU
2018-09-01T04:15:00-06:00 Denver,346.54563460156254 kBTU
2018-09-01T04:30:00-06:00 Denver,293.2309215859375 kBTU
2018-09-01T04:45:00-06:00 Denver,426.517704125 kBTU
2018-09-01T05:00:00-06:00 Denver,319.88827809375 kBTU
2018-09-01T05:15:00-06:00 Denver,239.9162085703125 kBTU
2018-09-01T05:30:00-06:00 Denver,373.202991109375 kBTU
2018-09-01T05:45:00-06:00 Denver,239.9162085703125 kBTU
2018-09-01T06:00:00-06:00 Denver,239.9162085703125 kBTU
2018-09-01T06:15:00-06:00 Denver,239.9162085703125 kBTU
2018-09-01T06:30:00-06:00 Denver,239.9162085703125 kBTU
2018-09-01T06:45:00-06:00 Denver,293.2309215859375 kBTU
2018-09-01T07:00:00-06:00 Denver,373.202991109375 kBTU
2018-09-01T07:15:00-06:00 Denver,399.86034761718753 kBTU
2018-09-01T07:30:00-06:00 Denver,346.54563460156254 kBTU
2018-09-01T07:45:00-06:00 Denver,239.9162085703125 kBTU
2018-09-01T08:00:00-06:00 Denver,239.9162085703125 kBTU
2018-09-01T08:15:00-06:00 Denver,373.202991109375 kBTU
2018-09-01T08:30:00-06:00 Denver,239.9162085703125 kBTU
2018-09-01T08:45:00-06:00 Denver,239.9162085703125 kBTU
2018-09-01T09:00:00-06:00 Denver,239.9162085703125 kBTU
2018-09-01T09:15:00-06:00 Denver,186.6014955546875 kBTU
2018-09-01T09:30:00-06:00 Denver,373.202991109375 kBTU
2018-09-01T09:45:00-06:00 Denver,426.517704125 kBTU
2018-09-01T10:00:00-06:00 Denver,373.202991109375 kBTU
2018-09-01T10:15:00-06:00 Denver,239.9162085703125 kBTU
2018-09-01T10:30:00-06:00 Denver,239.9162085703125 kBTU
2018-09-01T10:45:00-06:00 Denver,186.6014955546875 kBTU
2018-09-01T11:00:00-06:00 Denver,399.86034761718753 kBTU
2018-09-01T11:15:00-06:00 Denver,186.6014955546875 kBTU
2018-09-01T11:30:00-06:00 Denver,2185.9032336406253 kBTU
2018-09-01T11:45:00-06:00 Denver,933.0074777734375 kBTU
2018-09-01T12:00:00-06:00 Denver,293.2309215859375 kBTU
2018-09-01T12:15:00-06:00 Denver,506.4897736484375 kBTU
2018-09-01T12:30:00-06:00 Denver,346.54563460156254 kBTU
2018-09-01T12:45:00-06:00 Denver,239.9162085703125 kBTU
2018-09-01T13:00:00-06:00 Denver,239.9162085703125 kBTU
2018-09-01T13:15:00-06:00 Denver,239.9162085703125 kBTU
2018-09-01T13:30:00-06:00 Denver,266.573565078125 kBTU
2018-09-01T13:45:00-06:00 Denver,319.88827809375 kBTU
2018-09-01T14:00:00-06:00 Denver,239.9162085703125 kBTU
2018-09-01T14:15:00-06:00 Denver,213.2588520625 kBTU
2018-09-01T14:30:00-06:00 Denver,293.2309215859375 kBTU
2018-09-01T14:45:00-06:00 Denver,399.86034761718753 kBTU
2018-09-01T15:00:00-06:00 Denver,453.17506063281246 kBTU
2018-09-01T15:15:00-06:00 Denver,239.9162085703125 kBTU
2018-09-01T15:30:00-06:00 Denver,239.9162085703125 kBTU
2018-09-01T15:45:00-06:00 Denver,239.9162085703125 kBTU
2018-09-01T16:00:00-06:00 Denver,239.9162085703125 kBTU
2018-09-01T16:15:00-06:00 Denver,239.9162085703125 kBTU
2018-09-01T16:30:00-06:00 Denver,346.54563460156254 kBTU
2018-09-01T16:45:00-06:00 Denver,239.9162085703125 kBTU
2018-09-01T17:00:00-06:00 Denver,319.88827809375 kBTU
2018-09-01T17:15:00-06:00 Denver,426.517704125 kBTU
2018-09-01T17:30:00-06:00 Denver,266.573565078125 kBTU
2018-09-01T17:45:00-06:00 Denver,239.9162085703125 kBTU
2018-09-01T18:00:00-06:00 Denver,346.54563460156254 kBTU
2018-09-01T18:15:00-06:00 Denver,239.9162085703125 kBTU
2018-09-01T18:30:00-06:00 Denver,239.9162085703125 kBTU
2018-09-01T18:45:00-06:00 Denver,239.9162085703125 kBTU
2018-09-01T19:00:00-06:00 Denver,239.9162085703125 kBTU
2018-09-01T19:15:00-06:00 Denver,293.2309215859375 kBTU
2018-09-01T19:30:00-06:00 Denver,479.832417140625 kBTU
2018-09-01T19:45:00-06:00 Denver,346.54563460156254 kBTU
2018-09-01T20:00:00-06:00 Denver,266.573565078125 kBTU
2018-09-01T20:15:00-06:00 Denver,239.9162085703125 kBTU
2018-09-01T20:30:00-06:00 Denver,239.9162085703125 kBTU
2018-09-01T20:45:00-06:00 Denver,346.54563460156254 kBTU
2018-09-01T21:00:00-06:00 Denver,266.573565078125 kBTU
2018-09-01T21:15:00-06:00 Denver,266.573565078125 kBTU
2018-09-01T21:30:00-06:00 Denver,293.2309215859375 kBTU
2018-09-01T21:45:00-06:00 Denver,213.2588520625 kBTU
2018-09-01T22:00:00-06:00 Denver,399.86034761718753 kBTU
2018-09-01T22:15:00-06:00 Denver,426.517704125 kBTU
2018-09-01T22:30:00-06:00 Denver,266.573565078125 kBTU
2018-09-01T22:45:00-06:00 Denver,239.9162085703125 kBTU
2018-09-01T23:00:00-06:00 Denver,239.9162085703125 kBTU
2018-09-01T23:15:00-06:00 Denver,239.9162085703125 kBTU
2018-09-01T23:30:00-06:00 Denver,239.9162085703125 kBTU
2018-09-01T23:45:00-06:00 Denver,453.17506063281246 kBTU
2018-09-02T00:00:00-06:00 Denver,266.573565078125 kBTU
2018-09-02T00:15:00-06:00 Denver,239.9162085703125 kBTU
2018-09-02T00:30:00-06:00 Denver,346.54563460156254 kBTU
2018-09-02T00:45:00-06:00 Denver,346.54563460156254 kBTU
2018-09-02T01:00:00-06:00 Denver,239.9162085703125 kBTU
2018-09-02T01:15:00-06:00 Denver,373.202991109375 kBTU
2018-09-02T01:30:00-06:00 Denver,239.9162085703125 kBTU
2018-09-02T01:45:00-06:00 Denver,239.9162085703125 kBTU
2018-09-02T02:00:00-06:00 Denver,266.573565078125 kBTU
2018-09-02T02:15:00-06:00 Denver,293.2309215859375 kBTU
2018-09-02T02:30:00-06:00 Denver,239.9162085703125 kBTU
2018-09-02T02:45:00-06:00 Denver,426.517704125 kBTU
2018-09-02T03:00:00-06:00 Denver,346.54563460156254 kBTU
2018-09-02T03:15:00-06:00 Denver,293.2309215859375 kBTU
2018-09-02T03:30:00-06:00 Denver,266.573565078125 kBTU
2018-09-02T03:45:00-06:00 Denver,239.9162085703125 kBTU
2018-09-02T04:00:00-06:00 Denver,239.9162085703125 kBTU
2018-09-02T04:15:00-06:00 Denver,346.54563460156254 kBTU
2018-09-02T04:30:00-06:00 Denver,319.88827809375 kBTU
2018-09-02T04:45:00-06:00 Denver,293.2309215859375 kBTU
2018-09-02T05:00:00-06:00 Denver,239.9162085703125 kBTU
2018-09-02T05:15:00-06:00 Denver,266.573565078125 kBTU
2018-09-02T05:30:00-06:00 Denver,346.54563460156254 kBTU
2018-09-02T05:45:00-06:00 Denver,453.17506063281246 kBTU
2018-09-02T06:00:00-06:00 Denver,239.9162085703125 kBTU
2018-09-02T06:15:00-06:00 Denver,239.9162085703125 kBTU
2018-09-02T06:30:00-06:00 Denver,239.9162085703125 kBTU
2018-09-02T06:45:00-06:00 Denver,266.573565078125 kBTU
2018-09-02T07:00:00-06:00 Denver,293.2309215859375 kBTU
2018-09-02T07:15:00-06:00 Denver,373.202991109375 kBTU
2018-09-02T07:30:00-06:00 Denver,239.9162085703125 kBTU
2018-09-02T07:45:00-06:00 Denver,319.88827809375 kBTU
2018-09-02T08:00:00-06:00 Denver,346.54563460156254 kBTU
2018-09-02T08:15:00-06:00 Denver,293.2309215859375 kBTU
2018-09-02T08:30:00-06:00 Denver,373.202991109375 kBTU
2018-09-02T08:45:00-06:00 Denver,239.9162085703125 kBTU
2018-09-02T09:00:00-06:00 Denver,239.9162085703125 kBTU
2018-09-02T09:15:00-06:00 Denver,266.573565078125 kBTU
2018-09-02T09:30:00-06:00 Denver,906.3501212656249 kBTU
2018-09-02T09:45:00-06:00 Denver,2745.7077203046874 kBTU
2018-09-02T10:00:00-06:00 Denver,346.54563460156254 kBTU
2018-09-02T10:15:00-06:00 Denver,319.88827809375 kBTU
2018-09-02T10:30:00-06:00 Denver,346.54563460156254 kBTU
2018-09-02T10:45:00-06:00 Denver,293.2309215859375 kBTU
2018-09-02T11:00:00-06:00 Denver,239.9162085703125 kBTU
2018-09-02T11:15:00-06:00 Denver,239.9162085703125 kBTU
2018-09-02T11:30:00-06:00 Denver,346.54563460156254 kBTU
2018-09-02T11:45:00-06:00 Denver,266.573565078125 kBTU
2018-09-02T12:00:00-06:00 Denver,319.88827809375 kBTU
2018-09-02T12:15:00-06:00 Denver,239.9162085703125 kBTU
2018-09-02T12:30:00-06:00 Denver,186.6014955546875 kBTU
2018-09-02T12:45:00-06:00 Denver,373.202991109375 kBTU
2018-09-02T13:00:00-06:00 Denver,373.202991109375 kBTU
2018-09-02T13:15:00-06:00 Denver,319.88827809375 kBTU
2018-09-02T13:30:00-06:00 Denver,239.9162085703125 kBTU
2018-09-02T13:45:00-06:00 Denver,213.2588520625 kBTU
2018-09-02T14:00:00-06:00 Denver,213.2588520625 kBTU
2018-09-02T14:15:00-06:00 Denver,426.517704125 kBTU
2018-09-02T14:30:00-06:00 Denver,266.573565078125 kBTU
2018-09-02T14:45:00-06:00 Denver,239.9162085703125 kBTU
2018-09-02T15:00:00-06:00 Denver,239.9162085703125 kBTU
2018-09-02T15:15:00-06:00 Denver,319.88827809375 kBTU
2018-09-02T15:30:00-06:00 Denver,319.88827809375 kBTU
2018-09-02T15:45:00-06:00 Denver,373.202991109375 kBTU
2018-09-02T16:00:00-06:00 Denver,239.9162085703125 kBTU
2018-09-02T16:15:00-06:00 Denver,239.9162085703125 kBTU
2018-09-02T16:30:00-06:00 Denver,239.9162085703125 kBTU
2018-09-02T16:45:00-06:00 Denver,319.88827809375 kBTU
2018-09-02T17:00:00-06:00 Denver,239.9162085703125 kBTU
2018-09-02T17:15:00-06:00 Denver,346.54563460156254 kBTU
2018-09-02T17:30:00-06:00 Denver,239.9162085703125 kBTU
2018-09-02T17:45:00-06:00 Denver,319.88827809375 kBTU
2018-09-02T18:00:00-06:00 Denver,346.54563460156254 kBTU
2018-09-02T18:15:00-06:00 Denver,239.9162085703125 kBTU
2018-09-02T18:30:00-06:00 Denver,239.9162085703125 kBTU
2018-09-02T18:45:00-06:00 Denver,373.202991109375 kBTU
2018-09-02T19:00:00-06:00 Denver,319.88827809375 kBTU
2018-09-02T19:15:00-06:00 Denver,239.9162085703125 kBTU
2018-09-02T19:30:00-06:00 Denver,239.9162085703125 kBTU
2018-09-02T19:45:00-06:00 Denver,239.9162085703125 kBTU
2018-09-02T20:00:00-06:00 Denver,213.2588520625 kBTU
2018-09-02T20:15:00-06:00 Denver,453.17506063281246 kBTU
2018-09-02T20:30:00-06:00 Denver,346.54563460156254 kBTU
2018-09-02T20:45:00-06:00 Denver,239.9162085703125 kBTU
2018-09-02T21:00:00-06:00 Denver,293.2309215859375 kBTU
2018-09-02T21:15:00-06:00 Denver,239.9162085703125 kBTU
2018-09-02T21:30:00-06:00 Denver,346.54563460156254 kBTU
2018-09-02T21:45:00-06:00 Denver,239.9162085703125 kBTU
2018-09-02T22:00:00-06:00 Denver,239.9162085703125 kBTU
2018-09-02T22:15:00-06:00 Denver,239.9162085703125 kBTU
2018-09-02T22:30:00-06:00 Denver,266.573565078125 kBTU
2018-09-02T22:45:00-06:00 Denver,346.54563460156254 kBTU
2018-09-02T23:00:00-06:00 Denver,373.202991109375 kBTU
2018-09-02T23:15:00-06:00 Denver,373.202991109375 kBTU
2018-09-02T23:30:00-06:00 Denver,239.9162085703125 kBTU
2018-09-02T23:45:00-06:00 Denver,239.9162085703125 kBTU
2018-09-03T00:00:00-06:00 Denver,239.9162085703125 kBTU
2018-09-03T00:15:00-06:00 Denver,266.573565078125 kBTU
2018-09-03T00:30:00-06:00 Denver,319.88827809375 kBTU
2018-09-03T00:45:00-06:00 Denver,266.573565078125 kBTU
2018-09-03T01:00:00-06:00 Denver,319.88827809375 kBTU
2018-09-03T01:15:00-06:00 Denver,319.88827809375 kBTU
2018-09-03T01:30:00-06:00 Denver,346.54563460156254 kBTU
2018-09-03T01:45:00-06:00 Denver,319.88827809375 kBTU
2018-09-03T02:00:00-06:00 Denver,346.54563460156254 kBTU
2018-09-03T02:15:00-06:00 Denver,239.9162085703125 kBTU
2018-09-03T02:30:00-06:00 Denver,213.2588520625 kBTU
2018-09-03T02:45:00-06:00 Denver,239.9162085703125 kBTU
2018-09-03T03:00:00-06:00 Denver,239.9162085703125 kBTU
2018-09-03T03:15:00-06:00 Denver,293.2309215859375 kBTU
2018-09-03T03:30:00-06:00 Denver,426.517704125 kBTU
2018-09-03T03:45:00-06:00 Denver,346.54563460156254 kBTU
2018-09-03T04:00:00-06:00 Denver,346.54563460156254 kBTU
2018-09-03T04:15:00-06:00 Denver,266.573565078125 kBTU
2018-09-03T04:30:00-06:00 Denver,239.9162085703125 kBTU
2018-09-03T04:45:00-06:00 Denver,239.9162085703125 kBTU
2018-09-03T05:00:00-06:00 Denver,346.54563460156254 kBTU
2018-09-03T05:15:00-06:00 Denver,239.9162085703125 kBTU
2018-09-03T05:30:00-06:00 Denver,266.573565078125 kBTU
2018-09-03T05:45:00-06:00 Denver,213.2588520625 kBTU
2018-09-03T06:00:00-06:00 Denver,346.54563460156254 kBTU
2018-09-03T06:15:00-06:00 Denver,426.517704125 kBTU
2018-09-03T06:30:00-06:00 Denver,373.202991109375 kBTU
2018-09-03T06:45:00-06:00 Denver,266.573565078125 kBTU
2018-09-03T07:00:00-06:00 Denver,239.9162085703125 kBTU
2018-09-03T07:15:00-06:00 Denver,239.9162085703125 kBTU
2018-09-03T07:30:00-06:00 Denver,5171.527162515626 kBTU
2018-09-03T07:45:00-06:00 Denver,3891.9740501406254 kBTU
2018-09-03T08:00:00-06:00 Denver,3705.372554585938 kBTU
2018-09-03T08:15:00-06:00 Denver,2692.3930072890626 kBTU
2018-09-03T08:30:00-06:00 Denver,2612.420937765625 kBTU
2018-09-03T08:45:00-06:00 Denver,2505.791511734375 kBTU
2018-09-03T09:00:00-06:00 Denver,3065.5959983984376 kBTU
2018-09-03T09:15:00-06:00 Denver,2025.95909459375 kBTU
2018-09-03T09:30:00-06:00 Denver,3038.938641890625 kBTU
2018-09-03T09:45:00-06:00 Denver,4291.834397757812 kBTU
2018-09-03T10:00:00-06:00 Denver,1972.644381578125 kBTU
2018-09-03T10:15:00-06:00 Denver,3012.2812853828127 kBTU
2018-09-03T10:30:00-06:00 Denver,4531.750606328125 kBTU
2018-09-03T10:45:00-06:00 Denver,2052.6164511015622 kBTU
2018-09-03T11:00:00-06:00 Denver,4638.380032359375 kBTU
2018-09-03T11:15:00-06:00 Denver,2079.273807609375 kBTU
2018-09-03T11:30:00-06:00 Denver,4824.981527914063 kBTU
2018-09-03T11:45:00-06:00 Denver,3092.25335490625 kBTU
2018-09-03T12:00:00-06:00 Denver,3785.344624109375 kBTU
2018-09-03T12:15:00-06:00 Denver,4078.575545695313 kBTU
2018-09-03T12:30:00-06:00 Denver,3812.001980617187 kBTU
2018-09-03T12:45:00-06:00 Denver,3998.603476171875 kBTU
2018-09-03T13:00:00-06:00 Denver,3278.8548504609375 kBTU
2018-09-03T13:15:00-06:00 Denver,5518.072797117187 kBTU
2018-09-03T13:30:00-06:00 Denver,3518.7710590312504 kBTU
2018-09-03T13:45:00-06:00 Denver,4318.491754265625 kBTU
2018-09-03T14:00:00-06:00 Denver,4451.778536804688 kBTU
2018-09-03T14:15:00-06:00 Denver,4451.778536804688 kBTU
2018-09-03T14:30:00-06:00 Denver,5411.4433710859375 kBTU
2018-09-03T14:45:00-06:00 Denver,3572.0857720468753 kBTU
2018-09-03T15:00:00-06:00 Denver,5997.905214257813 kBTU
2018-09-03T15:15:00-06:00 Denver,4025.260832679687 kBTU
2018-09-03T15:30:00-06:00 Denver,5731.331649179688 kBTU
2018-09-03T15:45:00-06:00 Denver,5891.275788226562 kBTU
2018-09-03T16:00:00-06:00 Denver,4078.575545695313 kBTU
2018-09-03T16:15:00-06:00 Denver,6797.625909492187 kBTU
2018-09-03T16:30:00-06:00 Denver,4984.925666960938 kBTU
2018-09-03T16:45:00-06:00 Denver,5118.2124495 kBTU
2018-09-03T17:00:00-06:00 Denver,5251.499232039063 kBTU
2018-09-03T17:15:00-06:00 Denver,4745.009458390626 kBTU
2018-09-03T17:30:00-06:00 Denver,5971.24785775 kBTU
2018-09-03T17:45:00-06:00 Denver,4398.463823789062 kBTU
2018-09-03T18:00:00-06:00 Denver,5011.58302346875 kBTU
2018-09-03T18:15:00-06:00 Denver,5837.961075210937 kBTU
2018-09-03T18:30:00-06:00 Denver,3625.4004850624997 kBTU
2018-09-03T18:45:00-06:00 Denver,5624.702223148438 kBTU
2018-09-03T19:00:00-06:00 Denver,4078.575545695313 kBTU
2018-09-03T19:15:00-06:00 Denver,5411.4433710859375 kBTU
2018-09-03T19:30:00-06:00 Denver,3358.826919984375 kBTU
2018-09-03T19:45:00-06:00 Denver,4665.0373888671875 kBTU
2018-09-03T20:00:00-06:00 Denver,2505.791511734375 kBTU
2018-09-03T20:15:00-06:00 Denver,3732.02991109375 kBTU
2018-09-03T20:30:00-06:00 Denver,2052.6164511015622 kBTU
2018-09-03T20:45:00-06:00 Denver,319.88827809375 kBTU
2018-09-03T21:00:00-06:00 Denver,239.9162085703125 kBTU
2018-09-03T21:15:00-06:00 Denver,319.88827809375 kBTU
2018-09-03T21:30:00-06:00 Denver,346.54563460156254 kBTU
2018-09-03T21:45:00-06:00 Denver,266.573565078125 kBTU
2018-09-03T22:00:00-06:00 Denver,346.54563460156254 kBTU
2018-09-03T22:15:00-06:00 Denver,239.9162085703125 kBTU
2018-09-03T22:30:00-06:00 Denver,239.9162085703125 kBTU
2018-09-03T22:45:00-06:00 Denver,319.88827809375 kBTU
2018-09-03T23:00:00-06:00 Denver,239.9162085703125 kBTU
2018-09-03T23:15:00-06:00 Denver,239.9162085703125 kBTU
2018-09-03T23:30:00-06:00 Denver,346.54563460156254 kBTU
2018-09-03T23:45:00-06:00 Denver,319.88827809375 kBTU
2018-09-04T00:00:00-06:00 Denver,319.88827809375 kBTU
2018-09-04T00:15:00-06:00 Denver,293.2309215859375 kBTU
2018-09-04T00:30:00-06:00 Denver,239.9162085703125 kBTU
2018-09-04T00:45:00-06:00 Denver,373.202991109375 kBTU
2018-09-04T01:00:00-06:00 Denver,266.573565078125 kBTU
2018-09-04T01:15:00-06:00 Denver,293.2309215859375 kBTU
2018-09-04T01:30:00-06:00 Denver,239.9162085703125 kBTU
2018-09-04T01:45:00-06:00 Denver,239.9162085703125 kBTU
2018-09-04T02:00:00-06:00 Denver,239.9162085703125 kBTU
2018-09-04T02:15:00-06:00 Denver,453.17506063281246 kBTU
2018-09-04T02:30:00-06:00 Denver,346.54563460156254 kBTU
2018-09-04T02:45:00-06:00 Denver,266.573565078125 kBTU
2018-09-04T03:00:00-06:00 Denver,239.9162085703125 kBTU
2018-09-04T03:15:00-06:00 Denver,239.9162085703125 kBTU
2018-09-04T03:30:00-06:00 Denver,373.202991109375 kBTU
2018-09-04T03:45:00-06:00 Denver,346.54563460156254 kBTU
2018-09-04T04:00:00-06:00 Denver,239.9162085703125 kBTU
2018-09-04T04:15:00-06:00 Denver,239.9162085703125 kBTU
2018-09-04T04:30:00-06:00 Denver,239.9162085703125 kBTU
2018-09-04T04:45:00-06:00 Denver,293.2309215859375 kBTU
2018-09-04T05:00:00-06:00 Denver,479.832417140625 kBTU
2018-09-04T05:15:00-06:00 Denver,266.573565078125 kBTU
2018-09-04T05:30:00-06:00 Denver,239.9162085703125 kBTU
2018-09-04T05:45:00-06:00 Denver,239.9162085703125 kBTU
2018-09-04T06:00:00-06:00 Denver,319.88827809375 kBTU
2018-09-04T06:15:00-06:00 Denver,266.573565078125 kBTU
2018-09-04T06:30:00-06:00 Denver,2159.2458771328124 kBTU
2018-09-04T06:45:00-06:00 Denver,1652.756103484375 kBTU
2018-09-04T07:00:00-06:00 Denver,106.62942603125 kBTU
2018-09-04T07:15:00-06:00 Denver,239.9162085703125 kBTU
2018-09-04T07:30:00-06:00 Denver,3252.1974939531246 kBTU
2018-09-04T07:45:00-06:00 Denver,1945.9870250703127 kBTU
2018-09-04T08:00:00-06:00 Denver,1839.3575990390625 kBTU
2018-09-04T08:15:00-06:00 Denver,1759.3855295156252 kBTU
2018-09-04T08:30:00-06:00 Denver,2905.6518593515625 kBTU
2018-09-04T08:45:00-06:00 Denver,1812.7002425312498 kBTU
2018-09-04T09:00:00-06:00 Denver,1839.3575990390625 kBTU
2018-09-04T09:15:00-06:00 Denver,3012.2812853828127 kBTU
2018-09-04T09:30:00-06:00 Denver,1999.3017380859376 kBTU
2018-09-04T09:45:00-06:00 Denver,3625.4004850624997 kBTU
2018-09-04T10:00:00-06:00 Denver,5224.84187553125 kBTU
2018-09-04T10:15:00-06:00 Denver,4851.6388844218745 kBTU
2018-09-04T10:30:00-06:00 Denver,5624.702223148438 kBTU
2018-09-04T10:45:00-06:00 Denver,7464.0598221875 kBTU
2018-09-04T11:00:00-06:00 Denver,6104.534640289063 kBTU
2018-09-04T11:15:00-06:00 Denver,5438.10072759375 kBTU
2018-09-04T11:30:00-06:00 Denver,5837.961075210937 kBTU
2018-09-04T11:45:00-06:00 Denver,4158.54761521875 kBTU
2018-09-04T12:00:00-06:00 Denver,6611.0244139375 kBTU
2018-09-04T12:15:00-06:00 Denver,4824.981527914063 kBTU
2018-09-04T12:30:00-06:00 Denver,7010.884761554687 kBTU
2018-09-04T12:45:00-06:00 Denver,5571.387510132813 kBTU
2018-09-04T13:00:00-06:00 Denver,7144.1715440937505 kBTU
2018-09-04T13:15:00-06:00 Denver,6024.562570765625 kBTU
2018-09-04T13:30:00-06:00 Denver,6451.080274890625 kBTU
2018-09-04T13:45:00-06:00 Denver,6504.394987906249 kBTU
2018-09-04T14:00:00-06:00 Denver,5837.961075210937 kBTU
2018-09-04T14:15:00-06:00 Denver,7917.234882820312 kBTU
2018-09-04T14:30:00-06:00 Denver,6717.65383996875 kBTU
2018-09-04T14:45:00-06:00 Denver,7304.115683140625 kBTU
2018-09-04T15:00:00-06:00 Denver,7437.402465679687 kBTU
2018-09-04T15:15:00-06:00 Denver,8450.382012976563 kBTU
2018-09-04T15:30:00-06:00 Denver,7304.115683140625 kBTU
2018-09-04T15:45:00-06:00 Denver,7250.800970124999 kBTU
2018-09-04T16:00:00-06:00 Denver,5064.897736484375 kBTU
2018-09-04T16:15:00-06:00 Denver,3652.0578415703126 kBTU
2018-09-04T16:30:00-06:00 Denver,5144.869806007812 kBTU
2018-09-04T16:45:00-06:00 Denver,4025.260832679687 kBTU
2018-09-04T17:00:00-06:00 Denver,4638.380032359375 kBTU
2018-09-04T17:15:00-06:00 Denver,5224.84187553125 kBTU
2018-09-04T17:30:00-06:00 Denver,3198.8827809375002 kBTU
2018-09-04T17:45:03-06:00 Denver,5198.184519023438 kBTU
2018-09-04T18:00:00-06:00 Denver,5224.84187553125 kBTU
2018-09-04T18:15:00-06:00 Denver,4185.204971726563 kBTU
2018-09-04T18:30:00-06:00 Denver,5464.758084101562 kBTU
2018-09-04T18:45:00-06:00 Denver,3038.938641890625 kBTU
2018-09-04T19:00:00-06:00 Denver,5011.58302346875 kBTU
2018-09-04T19:15:00-06:00 Denver,3678.715198078125 kBTU
2018-09-04T19:30:00-06:00 Denver,4105.2329022031245 kBTU
2018-09-04T19:45:00-06:00 Denver,2985.623928875 kBTU
2018-09-04T20:00:00-06:00 Denver,3118.9107114140625 kBTU
2018-09-04T20:15:00-06:00 Denver,2958.966572367188 kBTU
2018-09-04T20:30:00-06:00 Denver,1092.9516168203127 kBTU
2018-09-04T20:45:00-06:00 Denver,133.2867825390625 kBTU
2018-09-04T21:00:00-06:00 Denver,266.573565078125 kBTU
2018-09-04T21:15:00-06:00 Denver,186.6014955546875 kBTU
2018-09-04T21:30:00-06:00 Denver,266.573565078125 kBTU
2018-09-04T21:45:00-06:00 Denver,186.6014955546875 kBTU
2018-09-04T22:00:00-06:00 Denver,159.944139046875 kBTU
2018-09-04T22:15:00-06:00 Denver,293.2309215859375 kBTU
2018-09-04T22:30:00-06:00 Denver,186.6014955546875 kBTU
2018-09-04T22:45:00-06:00 Denver,159.944139046875 kBTU
2018-09-04T23:00:00-06:00 Denver,133.2867825390625 kBTU
2018-09-04T23:15:00-06:00 Denver,133.2867825390625 kBTU
2018-09-04T23:30:00-06:00 Denver,239.9162085703125 kBTU
2018-09-04T23:45:00-06:00 Denver,319.88827809375 kBTU
2018-09-05T00:00:00-06:00 Denver,239.9162085703125 kBTU
2018-09-05T00:15:00-06:00 Denver,133.2867825390625 kBTU
2018-09-05T00:30:00-06:00 Denver,213.2588520625 kBTU
2018-09-05T00:45:00-06:00 Denver,186.6014955546875 kBTU
2018-09-05T01:00:00-06:00 Denver,239.9162085703125 kBTU
2018-09-05T01:15:00-06:00 Denver,186.6014955546875 kBTU
2018-09-05T01:30:00-06:00 Denver,133.2867825390625 kBTU
2018-09-05T01:45:00-06:00 Denver,159.944139046875 kBTU
2018-09-05T02:00:00-06:00 Denver,213.2588520625 kBTU
2018-09-05T02:15:00-06:00 Denver,373.202991109375 kBTU
2018-09-05T02:30:00-06:00 Denver,213.2588520625 kBTU
2018-09-05T02:45:00-06:00 Denver,159.944139046875 kBTU
2018-09-05T03:00:00-06:00 Denver,213.2588520625 kBTU
2018-09-05T03:15:00-06:00 Denver,159.944139046875 kBTU
2018-09-05T03:30:00-06:00 Denver,213.2588520625 kBTU
2018-09-05T03:45:00-06:00 Denver,213.2588520625 kBTU
2018-09-05T04:00:00-06:00 Denver,133.2867825390625 kBTU
2018-09-05T04:15:00-06:00 Denver,186.6014955546875 kBTU
2018-09-05T04:30:00-06:00 Denver,293.2309215859375 kBTU
2018-09-05T04:45:00-06:00 Denver,266.573565078125 kBTU
2018-09-05T05:00:00-06:00 Denver,213.2588520625 kBTU
2018-09-05T05:15:00-06:00 Denver,186.6014955546875 kBTU
2018-09-05T05:30:00-06:00 Denver,213.2588520625 kBTU
2018-09-05T05:45:00-06:00 Denver,133.2867825390625 kBTU
2018-09-05T06:00:00-06:00 Denver,133.2867825390625 kBTU
2018-09-05T06:15:00-06:00 Denver,266.573565078125 kBTU
2018-09-05T06:30:00-06:00 Denver,373.202991109375 kBTU
2018-09-05T06:45:00-06:00 Denver,1412.8398949140626 kBTU
2018-09-05T07:00:00-06:00 Denver,26.6573565078125 kBTU
2018-09-05T07:15:00-06:00 Denver,106.62942603125 kBTU
2018-09-05T07:30:00-06:00 Denver,2825.679789828125 kBTU
2018-09-05T07:45:00-06:00 Denver,2052.6164511015622 kBTU
2018-09-05T08:00:00-06:00 Denver,1866.014955546875 kBTU
2018-09-05T08:15:00-06:00 Denver,1759.3855295156252 kBTU
2018-09-05T08:30:00-06:00 Denver,2585.763581257813 kBTU
2018-09-05T08:45:00-06:00 Denver,1572.7840339609377 kBTU
2018-09-05T09:00:00-06:00 Denver,1759.3855295156252 kBTU
2018-09-05T09:15:00-06:00 Denver,2772.3650768125003 kBTU
2018-09-05T09:30:00-06:00 Denver,2585.763581257813 kBTU
2018-09-05T09:45:00-06:00 Denver,2878.99450284375 kBTU
2018-09-05T10:00:00-06:00 Denver,2399.162085703125 kBTU
2018-09-05T10:15:00-06:00 Denver,5304.813945054687 kBTU
2018-09-05T10:30:00-06:00 Denver,4211.862328234375 kBTU
2018-09-05T10:45:00-06:00 Denver,4158.54761521875 kBTU
2018-09-05T11:00:00-06:00 Denver,4611.722675851563 kBTU
2018-09-05T11:15:00-06:00 Denver,5118.2124495 kBTU
2018-09-05T11:30:00-06:00 Denver,4984.925666960938 kBTU
2018-09-05T11:45:00-06:00 Denver,6531.052344414063 kBTU
2018-09-05T12:00:00-06:00 Denver,5704.674292671875 kBTU
2018-09-05T12:15:00-06:00 Denver,7437.402465679687 kBTU
2018-09-05T12:30:00-06:00 Denver,4771.666814898437 kBTU
2018-09-05T12:45:00-06:00 Denver,7410.745109171876 kBTU
2018-09-05T13:00:00-06:00 Denver,5491.415440609375 kBTU
2018-09-05T13:15:00-06:00 Denver,6371.108205367188 kBTU
2018-09-05T13:30:00-06:00 Denver,6904.255335523438 kBTU
2018-09-05T13:45:00-06:00 Denver,6451.080274890625 kBTU
2018-09-05T14:00:00-06:00 Denver,7703.976030757813 kBTU
2018-09-05T14:15:00-06:00 Denver,5864.61843171875 kBTU
2018-09-05T14:30:00-06:00 Denver,9543.333629796874 kBTU
2018-09-05T14:45:00-06:00 Denver,6051.219927273437 kBTU
2018-09-05T15:00:00-06:00 Denver,10716.257316140625 kBTU
2018-09-05T15:15:00-06:00 Denver,7757.2907437734375 kBTU
2018-09-05T15:30:00-06:00 Denver,7890.5775263125 kBTU
2018-09-05T15:45:00-06:00 Denver,10049.823403445313 kBTU
2018-09-05T16:00:00-06:00 Denver,6051.219927273437 kBTU
2018-09-05T16:15:00-06:00 Denver,5544.730153625001 kBTU
2018-09-05T16:30:00-06:00 Denver,4105.2329022031245 kBTU
2018-09-05T16:45:00-06:00 Denver,6611.0244139375 kBTU
2018-09-05T17:00:00-06:00 Denver,3918.6314066484374 kBTU
2018-09-05T17:15:00-06:00 Denver,6024.562570765625 kBTU
2018-09-05T17:30:00-06:00 Denver,4318.491754265625 kBTU
2018-09-05T17:45:00-06:00 Denver,5917.933144734376 kBTU
2018-09-05T18:00:00-06:00 Denver,3172.2254244296873 kBTU
2018-09-05T18:15:00-06:00 Denver,5704.674292671875 kBTU
2018-09-05T18:30:00-06:00 Denver,3225.5401374453127 kBTU
2018-09-05T18:45:00-06:00 Denver,5224.84187553125 kBTU
2018-09-05T19:00:00-06:00 Denver,2958.966572367188 kBTU
2018-09-05T19:15:00-06:00 Denver,4878.296240929688 kBTU
2018-09-05T19:30:00-06:00 Denver,3038.938641890625 kBTU
2018-09-05T19:45:00-06:00 Denver,3971.9461196640627 kBTU
2018-09-05T20:00:00-06:00 Denver,2292.532659671875 kBTU
2018-09-05T20:15:00-06:00 Denver,4185.204971726563 kBTU
2018-09-05T20:30:00-06:00 Denver,346.54563460156254 kBTU
2018-09-05T20:45:00-06:00 Denver,239.9162085703125 kBTU
2018-09-05T21:00:00-06:00 Denver,133.2867825390625 kBTU
2018-09-05T21:15:00-06:00 Denver,266.573565078125 kBTU
2018-09-05T21:30:00-06:00 Denver,159.944139046875 kBTU
2018-09-05T21:45:00-06:00 Denver,106.62942603125 kBTU
2018-09-05T22:00:00-06:00 Denver,106.62942603125 kBTU
2018-09-05T22:15:00-06:00 Denver,133.2867825390625 kBTU
2018-09-05T22:30:00-06:00 Denver,239.9162085703125 kBTU
2018-09-05T22:45:00-06:00 Denver,133.2867825390625 kBTU
2018-09-05T23:00:00-06:00 Denver,239.9162085703125 kBTU
2018-09-05T23:15:00-06:00 Denver,186.6014955546875 kBTU
2018-09-05T23:30:00-06:00 Denver,133.2867825390625 kBTU
2018-09-05T23:45:00-06:00 Denver,159.944139046875 kBTU
2018-09-06T00:00:00-06:00 Denver,239.9162085703125 kBTU
2018-09-06T00:15:00-06:00 Denver,106.62942603125 kBTU
2018-09-06T00:30:00-06:00 Denver,133.2867825390625 kBTU
2018-09-06T00:45:00-06:00 Denver,106.62942603125 kBTU
2018-09-06T01:00:00-06:00 Denver,133.2867825390625 kBTU
2018-09-06T01:15:00-06:00 Denver,346.54563460156254 kBTU
2018-09-06T01:30:00-06:00 Denver,213.2588520625 kBTU
2018-09-06T01:45:00-06:00 Denver,133.2867825390625 kBTU
2018-09-06T02:00:00-06:00 Denver,159.944139046875 kBTU
2018-09-06T02:15:00-06:00 Denver,106.62942603125 kBTU
2018-09-06T02:30:00-06:00 Denver,133.2867825390625 kBTU
2018-09-06T02:45:00-06:00 Denver,239.9162085703125 kBTU
2018-09-06T03:00:00-06:00 Denver,106.62942603125 kBTU
2018-09-06T03:15:00-06:00 Denver,133.2867825390625 kBTU
2018-09-06T03:30:00-06:00 Denver,239.9162085703125 kBTU
2018-09-06T03:45:00-06:00 Denver,159.944139046875 kBTU
2018-09-06T04:00:00-06:00 Denver,133.2867825390625 kBTU
2018-09-06T04:15:00-06:00 Denver,319.88827809375 kBTU
2018-09-06T04:30:00-06:00 Denver,133.2867825390625 kBTU
2018-09-06T04:45:00-06:00 Denver,106.62942603125 kBTU
2018-09-06T05:00:00-06:00 Denver,133.2867825390625 kBTU
2018-09-06T05:15:00-06:00 Denver,106.62942603125 kBTU
2018-09-06T05:30:00-06:00 Denver,213.2588520625 kBTU
2018-09-06T05:45:00-06:00 Denver,239.9162085703125 kBTU
2018-09-06T06:00:00-06:00 Denver,186.6014955546875 kBTU
2018-09-06T06:15:00-06:00 Denver,106.62942603125 kBTU
2018-09-06T06:30:00-06:00 Denver,213.2588520625 kBTU
2018-09-06T06:45:00-06:00 Denver,1599.4413904687501 kBTU
2018-09-06T07:00:00-06:00 Denver,2905.6518593515625 kBTU
2018-09-06T07:15:00-06:00 Denver,506.4897736484375 kBTU
2018-09-06T07:30:00-06:00 Denver,4265.17704125 kBTU
2018-09-06T07:45:00-06:00 Denver,1839.3575990390625 kBTU
2018-09-06T08:00:00-06:00 Denver,1866.014955546875 kBTU
2018-09-06T08:15:00-06:00 Denver,2985.623928875 kBTU
2018-09-06T08:30:00-06:00 Denver,1866.014955546875 kBTU
2018-09-06T08:45:00-06:00 Denver,2025.95909459375 kBTU
2018-09-06T09:00:00-06:00 Denver,2719.050363796875 kBTU
2018-09-06T09:15:00-06:00 Denver,2079.273807609375 kBTU
2018-09-06T09:30:00-06:00 Denver,2825.679789828125 kBTU
2018-09-06T09:45:00-06:00 Denver,3465.456346015625 kBTU
2018-09-06T10:00:00-06:00 Denver,1812.7002425312498 kBTU
2018-09-06T10:15:00-06:00 Denver,3945.28876315625 kBTU
2018-09-06T10:30:00-06:00 Denver,1945.9870250703127 kBTU
2018-09-06T10:45:00-06:00 Denver,4238.519684742188 kBTU
2018-09-06T11:00:00-06:00 Denver,1892.6723120546876 kBTU
2018-09-06T11:15:00-06:00 Denver,4318.491754265625 kBTU
2018-09-06T11:30:00-06:00 Denver,2265.8753031640626 kBTU
2018-09-06T11:45:00-06:00 Denver,3945.28876315625 kBTU
2018-09-06T12:00:00-06:00 Denver,4078.575545695313 kBTU
2018-09-06T12:15:00-06:00 Denver,1306.2104688828124 kBTU
2018-09-06T12:30:00-06:00 Denver,4478.4358933124995 kBTU
2018-09-06T12:45:00-06:00 Denver,4531.750606328125 kBTU
2018-09-06T13:00:00-06:00 Denver,2372.504729195313 kBTU
2018-09-06T13:15:00-06:00 Denver,4931.610953945313 kBTU
2018-09-06T13:30:00-06:00 Denver,3971.9461196640627 kBTU
2018-09-06T13:45:00-06:00 Denver,3225.5401374453127 kBTU
2018-09-06T14:00:00-06:00 Denver,4771.666814898437 kBTU
2018-09-06T14:15:00-06:00 Denver,4131.890258710938 kBTU
2018-09-06T14:30:00-06:00 Denver,4025.260832679687 kBTU
2018-09-06T14:45:00-06:00 Denver,5358.128658070313 kBTU
2018-09-06T15:00:00-06:00 Denver,4238.519684742188 kBTU
2018-09-06T15:15:00-06:00 Denver,4745.009458390626 kBTU
2018-09-06T15:30:00-06:00 Denver,5971.24785775 kBTU
2018-09-06T15:45:00-06:00 Denver,3812.001980617187 kBTU
2018-09-06T16:00:00-06:00 Denver,5144.869806007812 kBTU
2018-09-06T16:15:00-06:00 Denver,5224.84187553125 kBTU
2018-09-06T16:30:00-06:00 Denver,3652.0578415703126 kBTU
2018-09-06T16:45:00-06:00 Denver,6744.311196476563 kBTU
2018-09-06T17:00:00-06:00 Denver,4345.149110773437 kBTU
2018-09-06T17:15:00-06:00 Denver,6690.996483460937 kBTU
2018-09-06T17:30:00-06:00 Denver,6850.940622507813 kBTU
2018-09-06T17:45:00-06:00 Denver,3785.344624109375 kBTU
2018-09-06T18:00:00-06:00 Denver,5118.2124495 kBTU
2018-09-06T18:15:00-06:00 Denver,5544.730153625001 kBTU
2018-09-06T18:30:00-06:00 Denver,3225.5401374453127 kBTU
2018-09-06T18:45:00-06:00 Denver,4904.9535974375 kBTU
2018-09-06T19:00:00-06:00 Denver,3518.7710590312504 kBTU
2018-09-06T19:15:00-06:00 Denver,4371.806467281251 kBTU
2018-09-06T19:30:00-06:00 Denver,4105.2329022031245 kBTU
2018-09-06T19:45:00-06:00 Denver,3598.7431285546877 kBTU
2018-09-06T20:00:00-06:00 Denver,3172.2254244296873 kBTU
2018-09-06T20:15:00-06:00 Denver,3385.4842764921877 kBTU
2018-09-06T20:30:00-06:00 Denver,319.88827809375 kBTU
2018-09-06T20:45:00-06:00 Denver,133.2867825390625 kBTU
2018-09-06T21:00:00-06:00 Denver,133.2867825390625 kBTU
2018-09-06T21:15:00-06:00 Denver,239.9162085703125 kBTU
2018-09-06T21:30:00-06:00 Denver,106.62942603125 kBTU
2018-09-06T21:45:00-06:00 Denver,133.2867825390625 kBTU
2018-09-06T22:00:00-06:00 Denver,106.62942603125 kBTU
2018-09-06T22:15:00-06:00 Denver,266.573565078125 kBTU
2018-09-06T22:30:00-06:00 Denver,266.573565078125 kBTU
2018-09-06T22:45:00-06:00 Denver,239.9162085703125 kBTU
2018-09-06T23:00:00-06:00 Denver,106.62942603125 kBTU
2018-09-06T23:15:00-06:00 Denver,133.2867825390625 kBTU
2018-09-06T23:30:00-06:00 Denver,133.2867825390625 kBTU
2018-09-06T23:45:00-06:00 Denver,106.62942603125 kBTU
2018-09-07T00:00:00-06:00 Denver,133.2867825390625 kBTU
2018-09-07T00:15:00-06:00 Denver,239.9162085703125 kBTU
2018-09-07T00:30:00-06:00 Denver,213.2588520625 kBTU
2018-09-07T00:45:00-06:00 Denver,266.573565078125 kBTU
2018-09-07T01:00:00-06:00 Denver,213.2588520625 kBTU
2018-09-07T01:15:00-06:00 Denver,106.62942603125 kBTU
2018-09-07T01:30:00-06:00 Denver,133.2867825390625 kBTU
2018-09-07T01:45:00-06:00 Denver,239.9162085703125 kBTU
2018-09-07T02:00:00-06:00 Denver,106.62942603125 kBTU
2018-09-07T02:15:00-06:00 Denver,133.2867825390625 kBTU
2018-09-07T02:30:00-06:00 Denver,79.9720695234375 kBTU
2018-09-07T02:45:00-06:00 Denver,186.6014955546875 kBTU
2018-09-07T03:00:00-06:00 Denver,239.9162085703125 kBTU
2018-09-07T03:15:00-06:00 Denver,373.202991109375 kBTU
2018-09-07T03:30:00-06:00 Denver,133.2867825390625 kBTU
2018-09-07T03:45:00-06:00 Denver,133.2867825390625 kBTU
2018-09-07T04:00:00-06:00 Denver,106.62942603125 kBTU
2018-09-07T04:15:00-06:00 Denver,133.2867825390625 kBTU
2018-09-07T04:30:00-06:00 Denver,133.2867825390625 kBTU
2018-09-07T04:45:00-06:00 Denver,239.9162085703125 kBTU
2018-09-07T05:00:00-06:00 Denver,133.2867825390625 kBTU
2018-09-07T05:15:00-06:00 Denver,239.9162085703125 kBTU
2018-09-07T05:30:00-06:00 Denver,213.2588520625 kBTU
2018-09-07T05:45:00-06:00 Denver,213.2588520625 kBTU
2018-09-07T06:00:00-06:00 Denver,133.2867825390625 kBTU
2018-09-07T06:15:00-06:00 Denver,239.9162085703125 kBTU
2018-09-07T06:30:00-06:00 Denver,106.62942603125 kBTU
2018-09-07T06:45:00-06:00 Denver,133.2867825390625 kBTU
2018-09-07T07:00:00-06:00 Denver,133.2867825390625 kBTU
2018-09-07T07:15:00-06:00 Denver,133.2867825390625 kBTU
2018-09-07T07:30:00-06:00 Denver,3705.372554585938 kBTU
2018-09-07T07:45:00-06:00 Denver,1999.3017380859376 kBTU
2018-09-07T08:00:00-06:00 Denver,2745.7077203046874 kBTU
2018-09-07T08:15:00-06:00 Denver,2132.588520625 kBTU
2018-09-07T08:30:00-06:00 Denver,2932.309215859375 kBTU
2018-09-07T08:45:00-06:00 Denver,2479.1341552265626 kBTU
2018-09-07T09:00:00-06:00 Denver,2932.309215859375 kBTU
2018-09-07T09:15:00-06:00 Denver,2745.7077203046874 kBTU
2018-09-07T09:30:00-06:00 Denver,3038.938641890625 kBTU
2018-09-07T09:45:00-06:00 Denver,3545.4284155390624 kBTU
2018-09-07T10:00:00-06:00 Denver,4318.491754265625 kBTU
2018-09-07T10:15:00-06:00 Denver,3012.2812853828127 kBTU
2018-09-07T10:30:00-06:00 Denver,3918.6314066484374 kBTU
2018-09-07T10:45:00-06:00 Denver,3758.6872676015623 kBTU
2018-09-07T11:00:00-06:00 Denver,4371.806467281251 kBTU
2018-09-07T11:15:00-06:00 Denver,2612.420937765625 kBTU
2018-09-07T11:30:00-06:00 Denver,5091.555092992187 kBTU
2018-09-07T11:45:00-06:00 Denver,4505.093249820313 kBTU
2018-09-07T12:00:00-06:00 Denver,4265.17704125 kBTU
2018-09-07T12:15:00-06:00 Denver,5358.128658070313 kBTU
2018-09-07T12:30:00-06:00 Denver,4718.352101882812 kBTU
2018-09-07T12:45:00-06:00 Denver,4638.380032359375 kBTU
2018-09-07T13:00:00-06:00 Denver,6877.597979015624 kBTU
2018-09-07T13:15:00-06:00 Denver,7570.68924821875 kBTU
2018-09-07T13:30:00-06:00 Denver,8210.465804406249 kBTU
2018-09-07T13:45:00-06:00 Denver,8317.0952304375 kBTU
2018-09-07T14:00:00-06:00 Denver,7277.458326632813 kBTU
2018-09-07T14:15:00-06:00 Denver,9410.046847257812 kBTU
2018-09-07T14:30:00-06:00 Denver,7570.68924821875 kBTU
2018-09-07T14:45:00-06:00 Denver,9410.046847257812 kBTU
2018-09-07T15:00:00-06:00 Denver,7890.5775263125 kBTU
2018-09-07T15:15:00-06:00 Denver,10156.452829476562 kBTU
2018-09-07T15:30:00-06:00 Denver,7117.514187585938 kBTU
2018-09-07T15:45:00-06:00 Denver,8343.752586945313 kBTU
2018-09-07T16:00:00-06:00 Denver,6024.562570765625 kBTU
2018-09-07T16:15:00-06:00 Denver,7384.0877526640625 kBTU
2018-09-07T16:30:00-06:00 Denver,3598.7431285546877 kBTU
2018-09-07T16:45:00-06:00 Denver,7090.856831078125 kBTU
2018-09-07T17:00:00-06:00 Denver,4158.54761521875 kBTU
2018-09-07T17:15:00-06:00 Denver,6051.219927273437 kBTU
2018-09-07T17:30:00-06:00 Denver,3971.9461196640627 kBTU
2018-09-07T17:45:00-06:00 Denver,5678.016936164062 kBTU
2018-09-07T18:00:00-06:00 Denver,5118.2124495 kBTU
2018-09-07T18:15:00-06:00 Denver,3785.344624109375 kBTU
2018-09-07T18:30:00-06:00 Denver,5811.303718703125 kBTU
2018-09-07T18:45:00-06:00 Denver,4158.54761521875 kBTU
2018-09-07T19:00:00-06:00 Denver,4878.296240929688 kBTU
2018-09-07T19:15:00-06:00 Denver,3838.659337125 kBTU
2018-09-07T19:30:00-06:00 Denver,4131.890258710938 kBTU
2018-09-07T19:45:00-06:00 Denver,3598.7431285546877 kBTU
2018-09-07T20:00:00-06:00 Denver,3465.456346015625 kBTU
2018-09-07T20:15:00-06:00 Denver,2372.504729195313 kBTU
2018-09-07T20:30:00-06:00 Denver,2505.791511734375 kBTU
2018-09-07T20:45:00-06:00 Denver,133.2867825390625 kBTU
2018-09-07T21:00:00-06:00 Denver,159.944139046875 kBTU
2018-09-07T21:15:00-06:00 Denver,186.6014955546875 kBTU
2018-09-07T21:30:00-06:00 Denver,373.202991109375 kBTU
2018-09-07T21:45:00-06:00 Denver,213.2588520625 kBTU
2018-09-07T22:00:00-06:00 Denver,133.2867825390625 kBTU
2018-09-07T22:15:00-06:00 Denver,133.2867825390625 kBTU
2018-09-07T22:30:00-06:00 Denver,133.2867825390625 kBTU
2018-09-07T22:45:00-06:00 Denver,239.9162085703125 kBTU
2018-09-07T23:00:00-06:00 Denver,186.6014955546875 kBTU
2018-09-07T23:15:00-06:00 Denver,159.944139046875 kBTU
2018-09-07T23:30:00-06:00 Denver,133.2867825390625 kBTU
2018-09-07T23:45:00-06:00 Denver,213.2588520625 kBTU
2018-09-08T00:00:00-06:00 Denver,239.9162085703125 kBTU
2018-09-08T00:15:00-06:00 Denver,266.573565078125 kBTU
2018-09-08T00:30:00-06:00 Denver,133.2867825390625 kBTU
2018-09-08T00:45:00-06:00 Denver,106.62942603125 kBTU
2018-09-08T01:00:00-06:00 Denver,133.2867825390625 kBTU
2018-09-08T01:15:00-06:00 Denver,213.2588520625 kBTU
2018-09-08T01:30:00-06:00 Denver,159.944139046875 kBTU
2018-09-08T01:45:00-06:00 Denver,239.9162085703125 kBTU
2018-09-08T02:00:00-06:00 Denver,213.2588520625 kBTU
2018-09-08T02:15:00-06:00 Denver,213.2588520625 kBTU
2018-09-08T02:30:00-06:00 Denver,159.944139046875 kBTU
2018-09-08T02:45:00-06:00 Denver,133.2867825390625 kBTU
2018-09-08T03:00:00-06:00 Denver,266.573565078125 kBTU
2018-09-08T03:15:00-06:00 Denver,186.6014955546875 kBTU
2018-09-08T03:30:00-06:00 Denver,159.944139046875 kBTU
2018-09-08T03:45:00-06:00 Denver,133.2867825390625 kBTU
2018-09-08T04:00:00-06:00 Denver,133.2867825390625 kBTU
2018-09-08T04:15:00-06:00 Denver,186.6014955546875 kBTU
2018-09-08T04:30:00-06:00 Denver,346.54563460156254 kBTU
2018-09-08T04:45:00-06:00 Denver,186.6014955546875 kBTU
2018-09-08T05:00:00-06:00 Denver,133.2867825390625 kBTU
2018-09-08T05:15:00-06:00 Denver,159.944139046875 kBTU
2018-09-08T05:30:00-06:00 Denver,186.6014955546875 kBTU
2018-09-08T05:45:00-06:00 Denver,133.2867825390625 kBTU
2018-09-08T06:00:00-06:00 Denver,293.2309215859375 kBTU
2018-09-08T06:15:00-06:00 Denver,133.2867825390625 kBTU
2018-09-08T06:30:00-06:00 Denver,106.62942603125 kBTU
2018-09-08T06:45:00-06:00 Denver,266.573565078125 kBTU
2018-09-08T07:00:00-06:00 Denver,186.6014955546875 kBTU
2018-09-08T07:15:00-06:00 Denver,239.9162085703125 kBTU
2018-09-08T07:30:00-06:00 Denver,213.2588520625 kBTU
2018-09-08T07:45:00-06:00 Denver,159.944139046875 kBTU
2018-09-08T08:00:00-06:00 Denver,106.62942603125 kBTU
2018-09-08T08:15:00-06:00 Denver,133.2867825390625 kBTU
2018-09-08T08:30:00-06:00 Denver,159.944139046875 kBTU
2018-09-08T08:45:00-06:00 Denver,239.9162085703125 kBTU
2018-09-08T09:00:00-06:00 Denver,186.6014955546875 kBTU
2018-09-08T09:15:00-06:00 Denver,239.9162085703125 kBTU
2018-09-08T09:30:00-06:00 Denver,133.2867825390625 kBTU
2018-09-08T09:45:00-06:00 Denver,186.6014955546875 kBTU
2018-09-08T10:00:00-06:00 Denver,479.832417140625 kBTU
2018-09-08T10:15:00-06:00 Denver,2612.420937765625 kBTU
2018-09-08T10:30:00-06:00 Denver,133.2867825390625 kBTU
2018-09-08T10:45:00-06:00 Denver,133.2867825390625 kBTU
2018-09-08T11:00:00-06:00 Denver,106.62942603125 kBTU
2018-09-08T11:15:00-06:00 Denver,213.2588520625 kBTU
2018-09-08T11:30:00-06:00 Denver,266.573565078125 kBTU
2018-09-08T11:45:00-06:00 Denver,266.573565078125 kBTU
2018-09-08T12:00:00-06:00 Denver,186.6014955546875 kBTU
2018-09-08T12:15:00-06:00 Denver,133.2867825390625 kBTU
2018-09-08T12:30:00-06:00 Denver,133.2867825390625 kBTU
2018-09-08T12:45:00-06:00 Denver,106.62942603125 kBTU
2018-09-08T13:00:00-06:00 Denver,239.9162085703125 kBTU
2018-09-08T13:15:00-06:00 Denver,133.2867825390625 kBTU
2018-09-08T13:30:00-06:00 Denver,133.2867825390625 kBTU
2018-09-08T13:45:00-06:00 Denver,239.9162085703125 kBTU
2018-09-08T14:00:00-06:00 Denver,239.9162085703125 kBTU
2018-09-08T14:15:00-06:00 Denver,213.2588520625 kBTU
2018-09-08T14:30:00-06:00 Denver,186.6014955546875 kBTU
2018-09-08T14:45:00-06:00 Denver,133.2867825390625 kBTU
2018-09-08T15:00:00-06:00 Denver,106.62942603125 kBTU
2018-09-08T15:15:00-06:00 Denver,133.2867825390625 kBTU
2018-09-08T15:30:00-06:00 Denver,106.62942603125 kBTU
2018-09-08T15:45:00-06:00 Denver,213.2588520625 kBTU
2018-09-08T16:00:00-06:00 Denver,373.202991109375 kBTU
2018-09-08T16:15:00-06:00 Denver,213.2588520625 kBTU
2018-09-08T16:30:00-06:00 Denver,106.62942603125 kBTU
2018-09-08T16:45:00-06:00 Denver,79.9720695234375 kBTU
2018-09-08T17:00:00-06:00 Denver,106.62942603125 kBTU
2018-09-08T17:15:00-06:00 Denver,106.62942603125 kBTU
2018-09-08T17:30:00-06:00 Denver,239.9162085703125 kBTU
2018-09-08T17:45:00-06:00 Denver,133.2867825390625 kBTU
2018-09-08T18:00:00-06:00 Denver,186.6014955546875 kBTU
2018-09-08T18:15:00-06:00 Denver,266.573565078125 kBTU
2018-09-08T18:30:00-06:00 Denver,239.9162085703125 kBTU
2018-09-08T18:45:00-06:00 Denver,239.9162085703125 kBTU
2018-09-08T19:00:00-06:00 Denver,133.2867825390625 kBTU
2018-09-08T19:15:00-06:00 Denver,133.2867825390625 kBTU
2018-09-08T19:30:00-06:00 Denver,133.2867825390625 kBTU
2018-09-08T19:45:00-06:00 Denver,106.62942603125 kBTU
2018-09-08T20:00:00-06:00 Denver,213.2588520625 kBTU
2018-09-08T20:15:00-06:00 Denver,239.9162085703125 kBTU
2018-09-08T20:30:00-06:00 Denver,239.9162085703125 kBTU
2018-09-08T20:45:00-06:00 Denver,213.2588520625 kBTU
2018-09-08T21:00:00-06:00 Denver,159.944139046875 kBTU
2018-09-08T21:15:00-06:00 Denver,79.9720695234375 kBTU
2018-09-08T21:30:00-06:00 Denver,293.2309215859375 kBTU
2018-09-08T21:45:00-06:00 Denver,133.2867825390625 kBTU
2018-09-08T22:00:00-06:00 Denver,186.6014955546875 kBTU
2018-09-08T22:15:00-06:00 Denver,106.62942603125 kBTU
2018-09-08T22:30:00-06:00 Denver,133.2867825390625 kBTU
2018-09-08T22:45:00-06:00 Denver,239.9162085703125 kBTU
2018-09-08T23:00:00-06:00 Denver,319.88827809375 kBTU
2018-09-08T23:15:00-06:00 Denver,159.944139046875 kBTU
2018-09-08T23:30:00-06:00 Denver,106.62942603125 kBTU
2018-09-08T23:45:00-06:00 Denver,133.2867825390625 kBTU
2018-09-09T00:00:00-06:00 Denver,186.6014955546875 kBTU
2018-09-09T00:15:00-06:00 Denver,266.573565078125 kBTU
2018-09-09T00:30:00-06:00 Denver,133.2867825390625 kBTU
2018-09-09T00:45:00-06:00 Denver,133.2867825390625 kBTU
2018-09-09T01:00:00-06:00 Denver,213.2588520625 kBTU
2018-09-09T01:15:00-06:00 Denver,239.9162085703125 kBTU
2018-09-09T01:30:00-06:00 Denver,159.944139046875 kBTU
2018-09-09T01:45:00-06:00 Denver,239.9162085703125 kBTU
2018-09-09T02:00:00-06:00 Denver,186.6014955546875 kBTU
2018-09-09T02:15:00-06:00 Denver,159.944139046875 kBTU
2018-09-09T02:30:00-06:00 Denver,133.2867825390625 kBTU
2018-09-09T02:45:00-06:00 Denver,133.2867825390625 kBTU
2018-09-09T03:00:00-06:00 Denver,239.9162085703125 kBTU
2018-09-09T03:15:00-06:00 Denver,213.2588520625 kBTU
2018-09-09T03:30:00-06:00 Denver,239.9162085703125 kBTU
2018-09-09T03:45:00-06:00 Denver,159.944139046875 kBTU
2018-09-09T04:00:00-06:00 Denver,133.2867825390625 kBTU
2018-09-09T04:15:00-06:00 Denver,186.6014955546875 kBTU
2018-09-09T04:30:00-06:00 Denver,293.2309215859375 kBTU
2018-09-09T04:45:00-06:00 Denver,133.2867825390625 kBTU
2018-09-09T05:00:00-06:00 Denver,106.62942603125 kBTU
2018-09-09T05:15:00-06:00 Denver,133.2867825390625 kBTU
2018-09-09T05:30:00-06:00 Denver,213.2588520625 kBTU
2018-09-09T05:45:00-06:00 Denver,239.9162085703125 kBTU
2018-09-09T06:00:00-06:00 Denver,293.2309215859375 kBTU
2018-09-09T06:15:00-06:00 Denver,186.6014955546875 kBTU
2018-09-09T06:30:00-06:00 Denver,159.944139046875 kBTU
2018-09-09T06:45:00-06:00 Denver,133.2867825390625 kBTU
2018-09-09T07:00:00-06:00 Denver,159.944139046875 kBTU
2018-09-09T07:15:00-06:00 Denver,133.2867825390625 kBTU
2018-09-09T07:30:00-06:00 Denver,239.9162085703125 kBTU
2018-09-09T07:45:00-06:00 Denver,159.944139046875 kBTU
2018-09-09T08:00:00-06:00 Denver,239.9162085703125 kBTU
2018-09-09T08:15:00-06:00 Denver,159.944139046875 kBTU
2018-09-09T08:30:00-06:00 Denver,2532.4488682421875 kBTU
2018-09-09T08:45:00-06:00 Denver,1226.238399359375 kBTU
2018-09-09T09:00:00-06:00 Denver,133.2867825390625 kBTU
2018-09-09T09:15:00-06:00 Denver,133.2867825390625 kBTU
2018-09-09T09:30:00-06:00 Denver,106.62942603125 kBTU
2018-09-09T09:45:00-06:00 Denver,133.2867825390625 kBTU
2018-09-09T10:00:00-06:00 Denver,293.2309215859375 kBTU
2018-09-09T10:15:00-06:00 Denver,239.9162085703125 kBTU
2018-09-09T10:30:00-06:00 Denver,186.6014955546875 kBTU
2018-09-09T10:45:00-06:00 Denver,133.2867825390625 kBTU
2018-09-09T11:00:00-06:00 Denver,186.6014955546875 kBTU
2018-09-09T11:15:00-06:00 Denver,133.2867825390625 kBTU
2018-09-09T11:30:00-06:00 Denver,266.573565078125 kBTU
2018-09-09T11:45:00-06:00 Denver,106.62942603125 kBTU
2018-09-09T12:00:00-06:00 Denver,133.2867825390625 kBTU
2018-09-09T12:15:00-06:00 Denver,133.2867825390625 kBTU
2018-09-09T12:30:00-06:00 Denver,239.9162085703125 kBTU
2018-09-09T12:45:00-06:00 Denver,319.88827809375 kBTU
2018-09-09T13:00:00-06:00 Denver,159.944139046875 kBTU
2018-09-09T13:15:00-06:00 Denver,159.944139046875 kBTU
2018-09-09T13:30:00-06:00 Denver,159.944139046875 kBTU
2018-09-09T13:45:00-06:00 Denver,133.2867825390625 kBTU
2018-09-09T14:00:00-06:00 Denver,639.7765561875 kBTU
2018-09-09T14:15:00-06:00 Denver,1252.8957558671875 kBTU
2018-09-09T14:30:00-06:00 Denver,1146.2663298359375 kBTU
2018-09-09T14:45:00-06:00 Denver,1252.8957558671875 kBTU
2018-09-09T15:00:00-06:00 Denver,1226.238399359375 kBTU
2018-09-09T15:15:00-06:00 Denver,1199.5810428515624 kBTU
2018-09-09T15:30:00-06:00 Denver,639.7765561875 kBTU
2018-09-09T15:45:00-06:00 Denver,239.9162085703125 kBTU
2018-09-09T16:00:00-06:00 Denver,106.62942603125 kBTU
2018-09-09T16:15:00-06:00 Denver,133.2867825390625 kBTU
2018-09-09T16:30:00-06:00 Denver,186.6014955546875 kBTU
2018-09-09T16:45:00-06:00 Denver,133.2867825390625 kBTU
2018-09-09T17:00:00-06:00 Denver,239.9162085703125 kBTU
2018-09-09T17:15:00-06:00 Denver,319.88827809375 kBTU
2018-09-09T17:30:00-06:00 Denver,159.944139046875 kBTU
2018-09-09T17:45:00-06:00 Denver,159.944139046875 kBTU
2018-09-09T18:00:00-06:00 Denver,133.2867825390625 kBTU
2018-09-09T18:15:00-06:00 Denver,106.62942603125 kBTU
2018-09-09T18:30:00-06:00 Denver,133.2867825390625 kBTU
2018-09-09T18:45:00-06:00 Denver,319.88827809375 kBTU
2018-09-09T19:00:00-06:00 Denver,133.2867825390625 kBTU
2018-09-09T19:15:00-06:00 Denver,239.9162085703125 kBTU
2018-09-09T19:30:00-06:00 Denver,186.6014955546875 kBTU
2018-09-09T19:45:00-06:00 Denver,186.6014955546875 kBTU
2018-09-09T20:00:00-06:00 Denver,159.944139046875 kBTU
2018-09-09T20:15:00-06:00 Denver,239.9162085703125 kBTU
2018-09-09T20:30:00-06:00 Denver,133.2867825390625 kBTU
2018-09-09T20:45:00-06:00 Denver,106.62942603125 kBTU
2018-09-09T21:00:00-06:00 Denver,159.944139046875 kBTU
2018-09-09T21:15:00-06:00 Denver,159.944139046875 kBTU
2018-09-09T21:30:00-06:00 Denver,213.2588520625 kBTU
2018-09-09T21:45:00-06:00 Denver,346.54563460156254 kBTU
2018-09-09T22:00:00-06:00 Denver,133.2867825390625 kBTU
2018-09-09T22:15:00-06:00 Denver,213.2588520625 kBTU
2018-09-09T22:30:00-06:00 Denver,106.62942603125 kBTU
2018-09-09T22:45:00-06:00 Denver,133.2867825390625 kBTU
2018-09-09T23:00:00-06:00 Denver,133.2867825390625 kBTU
2018-09-09T23:15:00-06:00 Denver,239.9162085703125 kBTU
2018-09-09T23:30:00-06:00 Denver,213.2588520625 kBTU
2018-09-09T23:45:00-06:00 Denver,186.6014955546875 kBTU
2018-09-10T00:00:00-06:00 Denver,239.9162085703125 kBTU
2018-09-10T00:15:00-06:00 Denver,159.944139046875 kBTU
2018-09-10T00:30:00-06:00 Denver,133.2867825390625 kBTU
2018-09-10T00:45:00-06:00 Denver,266.573565078125 kBTU
2018-09-10T01:00:00-06:00 Denver,159.944139046875 kBTU
2018-09-10T01:15:00-06:00 Denver,133.2867825390625 kBTU
2018-09-10T01:30:00-06:00 Denver,159.944139046875 kBTU
2018-09-10T01:45:00-06:00 Denver,79.9720695234375 kBTU
2018-09-10T02:00:00-06:00 Denver,239.9162085703125 kBTU
2018-09-10T02:15:00-06:00 Denver,373.202991109375 kBTU
2018-09-10T02:30:00-06:00 Denver,186.6014955546875 kBTU
2018-09-10T02:45:00-06:00 Denver,133.2867825390625 kBTU
2018-09-10T03:00:00-06:00 Denver,133.2867825390625 kBTU
2018-09-10T03:15:00-06:00 Denver,133.2867825390625 kBTU
2018-09-10T03:30:00-06:00 Denver,186.6014955546875 kBTU
2018-09-10T03:45:00-06:00 Denver,239.9162085703125 kBTU
2018-09-10T04:00:00-06:00 Denver,133.2867825390625 kBTU
2018-09-10T04:15:00-06:00 Denver,186.6014955546875 kBTU
2018-09-10T04:30:00-06:00 Denver,293.2309215859375 kBTU
2018-09-10T04:45:00-06:00 Denver,159.944139046875 kBTU
2018-09-10T05:00:00-06:00 Denver,133.2867825390625 kBTU
2018-09-10T05:15:00-06:00 Denver,239.9162085703125 kBTU
2018-09-10T05:30:00-06:00 Denver,133.2867825390625 kBTU
2018-09-10T05:45:00-06:00 Denver,186.6014955546875 kBTU
2018-09-10T06:00:00-06:00 Denver,133.2867825390625 kBTU
2018-09-10T06:15:00-06:00 Denver,133.2867825390625 kBTU
2018-09-10T06:30:00-06:00 Denver,346.54563460156254 kBTU
2018-09-10T06:45:00-06:00 Denver,1999.3017380859376 kBTU
2018-09-10T07:00:00-06:00 Denver,506.4897736484375 kBTU
2018-09-10T07:15:00-06:00 Denver,2985.623928875 kBTU
2018-09-10T07:30:00-06:00 Denver,5464.758084101562 kBTU
2018-09-10T07:45:00-06:00 Denver,3678.715198078125 kBTU
2018-09-10T08:00:00-06:00 Denver,2958.966572367188 kBTU
2018-09-10T08:15:00-06:00 Denver,2559.10622475 kBTU
2018-09-10T08:30:00-06:00 Denver,2212.5605901484373 kBTU
2018-09-10T08:45:00-06:00 Denver,2932.309215859375 kBTU
2018-09-10T09:00:00-06:00 Denver,3038.938641890625 kBTU
2018-09-10T09:15:00-06:00 Denver,3278.8548504609375 kBTU
2018-09-10T09:30:00-06:00 Denver,2425.8194422109373 kBTU
2018-09-10T09:45:00-06:00 Denver,3758.6872676015623 kBTU
2018-09-10T10:00:00-06:00 Denver,2905.6518593515625 kBTU
2018-09-10T10:15:00-06:00 Denver,4078.575545695313 kBTU
2018-09-10T10:30:00-06:00 Denver,1812.7002425312498 kBTU
2018-09-10T10:45:00-06:00 Denver,5304.813945054687 kBTU
2018-09-10T11:00:00-06:00 Denver,4585.06531934375 kBTU
2018-09-10T11:15:00-06:00 Denver,5651.35957965625 kBTU
2018-09-10T11:30:00-06:00 Denver,4931.610953945313 kBTU
2018-09-10T11:45:00-06:00 Denver,6477.737631398438 kBTU
2018-09-10T12:00:00-06:00 Denver,5651.35957965625 kBTU
2018-09-10T12:15:00-06:00 Denver,8290.437873929688 kBTU
2018-09-10T12:30:00-06:00 Denver,5358.128658070313 kBTU
2018-09-10T12:45:00-06:00 Denver,8050.521665359374 kBTU
2018-09-10T13:00:00-06:00 Denver,5624.702223148438 kBTU
2018-09-10T13:15:00-06:00 Denver,7917.234882820312 kBTU
2018-09-10T13:30:00-06:00 Denver,6131.191996796875 kBTU
2018-09-10T13:45:00-06:00 Denver,7010.884761554687 kBTU
2018-09-10T14:00:00-06:00 Denver,10289.739612015625 kBTU
2018-09-10T14:15:00-06:00 Denver,8930.214430117188 kBTU
2018-09-10T14:30:00-06:00 Denver,9063.50121265625 kBTU
2018-09-10T14:45:00-06:00 Denver,7863.920169804688 kBTU
2018-09-10T15:00:00-06:00 Denver,7863.920169804688 kBTU
2018-09-10T15:15:00-06:00 Denver,9196.787995195313 kBTU
2018-09-10T15:30:00-06:00 Denver,8530.3540825 kBTU
2018-09-10T15:45:00-06:00 Denver,10476.341107570313 kBTU
2018-09-10T16:00:00-06:00 Denver,7863.920169804688 kBTU
2018-09-10T16:15:00-06:00 Denver,7943.8922393281255 kBTU
2018-09-10T16:30:00-06:00 Denver,5891.275788226562 kBTU
2018-09-10T16:45:00-06:00 Denver,6904.255335523438 kBTU
2018-09-10T17:00:00-06:00 Denver,6237.821422828125 kBTU
2018-09-10T17:15:00-06:00 Denver,7010.884761554687 kBTU
2018-09-10T17:30:00-06:00 Denver,8663.640865039064 kBTU
2018-09-10T17:45:00-06:00 Denver,6211.1640663203125 kBTU
2018-09-10T18:00:00-06:00 Denver,7090.856831078125 kBTU
2018-09-10T18:15:00-06:00 Denver,6344.450848859375 kBTU
2018-09-10T18:30:00-06:00 Denver,4585.06531934375 kBTU
2018-09-10T18:45:00-06:00 Denver,5118.2124495 kBTU
2018-09-10T19:00:00-06:00 Denver,3945.28876315625 kBTU
2018-09-10T19:15:00-06:00 Denver,427603644.85705876 kBTU
2018-09-10T19:45:00-06:00 Denver,300721.6387646328 kBTU
2018-09-10T20:00:00-06:00 Denver,3465.456346015625 kBTU
2018-09-10T20:15:00-06:00 Denver,4425.121180296875 kBTU
2018-09-10T20:30:00-06:00 Denver,1252.8957558671875 kBTU
2018-09-10T20:45:00-06:00 Denver,373.202991109375 kBTU
2018-09-10T21:00:00-06:00 Denver,133.2867825390625 kBTU
2018-09-10T21:15:00-06:00 Denver,693.0912692031251 kBTU
2018-09-10T22:15:00-06:00 Denver,266.573565078125 kBTU
2018-09-10T22:30:00-06:00 Denver,106.62942603125 kBTU
2018-09-10T22:45:00-06:00 Denver,159.944139046875 kBTU
2018-09-10T23:00:00-06:00 Denver,453.17506063281246 kBTU
2018-09-10T23:15:00-06:00 Denver,213.2588520625 kBTU
2018-09-10T23:30:00-06:00 Denver,79.9720695234375 kBTU
2018-09-10T23:45:00-06:00 Denver,239.9162085703125 kBTU
2018-09-11T00:00:00-06:00 Denver,133.2867825390625 kBTU
2018-09-11T00:15:00-06:00 Denver,106.62942603125 kBTU
2018-09-11T00:30:00-06:00 Denver,293.2309215859375 kBTU
2018-09-11T00:45:00-06:00 Denver,79.9720695234375 kBTU
2018-09-11T01:00:00-06:00 Denver,213.2588520625 kBTU
2018-09-11T01:15:00-06:00 Denver,266.573565078125 kBTU
2018-09-11T01:30:00-06:00 Denver,346.54563460156254 kBTU
2018-09-11T01:45:00-06:00 Denver,133.2867825390625 kBTU
2018-09-11T02:00:00-06:00 Denver,133.2867825390625 kBTU
2018-09-11T02:15:00-06:00 Denver,239.9162085703125 kBTU
2018-09-11T02:30:00-06:00 Denver,106.62942603125 kBTU
2018-09-11T02:45:00-06:00 Denver,133.2867825390625 kBTU
2018-09-11T03:00:00-06:00 Denver,293.2309215859375 kBTU
2018-09-11T03:15:00-06:00 Denver,186.6014955546875 kBTU
2018-09-11T03:30:00-06:00 Denver,239.9162085703125 kBTU
2018-09-11T03:45:00-06:00 Denver,239.9162085703125 kBTU
2018-09-11T04:00:00-06:00 Denver,266.573565078125 kBTU
2018-09-11T04:15:00-06:00 Denver,106.62942603125 kBTU
2018-09-11T04:30:00-06:00 Denver,133.2867825390625 kBTU
2018-09-11T04:45:00-06:00 Denver,293.2309215859375 kBTU
2018-09-11T05:00:00-06:00 Denver,79.9720695234375 kBTU
2018-09-11T05:15:00-06:00 Denver,159.944139046875 kBTU
2018-09-11T05:30:00-06:00 Denver,159.944139046875 kBTU
2018-09-11T05:45:00-06:00 Denver,346.54563460156254 kBTU
2018-09-11T06:00:00-06:00 Denver,239.9162085703125 kBTU
2018-09-11T06:15:00-06:00 Denver,159.944139046875 kBTU
2018-09-11T06:30:00-06:00 Denver,266.573565078125 kBTU
2018-09-11T06:45:00-06:00 Denver,2025.95909459375 kBTU
2018-09-11T07:00:00-06:00 Denver,26.6573565078125 kBTU
2018-09-11T07:15:00-06:00 Denver,106.62942603125 kBTU
2018-09-11T07:30:00-06:00 Denver,4398.463823789062 kBTU
2018-09-11T07:45:00-06:00 Denver,1945.9870250703127 kBTU
2018-09-11T08:00:00-06:00 Denver,1919.3296685625 kBTU
2018-09-11T08:15:00-06:00 Denver,3038.938641890625 kBTU
2018-09-11T08:30:00-06:00 Denver,1866.014955546875 kBTU
2018-09-11T08:45:00-06:00 Denver,2825.679789828125 kBTU
2018-09-11T09:00:00-06:00 Denver,1945.9870250703127 kBTU
2018-09-11T09:15:00-06:00 Denver,2825.679789828125 kBTU
2018-09-11T09:30:00-06:00 Denver,2239.2179466562498 kBTU
2018-09-11T09:45:00-06:00 Denver,2612.420937765625 kBTU
2018-09-11T10:00:00-06:00 Denver,4851.6388844218745 kBTU
2018-09-11T10:15:00-06:00 Denver,2212.5605901484373 kBTU
2018-09-11T10:30:00-06:00 Denver,4878.296240929688 kBTU
2018-09-11T10:45:00-06:00 Denver,3225.5401374453127 kBTU
2018-09-11T11:00:00-06:00 Denver,7757.2907437734375 kBTU
2018-09-11T11:15:00-06:00 Denver,6184.5067098125 kBTU
2018-09-11T11:30:00-06:00 Denver,6051.219927273437 kBTU
2018-09-11T11:45:00-06:00 Denver,5864.61843171875 kBTU
2018-09-11T12:00:00-06:00 Denver,6237.821422828125 kBTU
2018-09-11T12:15:00-06:00 Denver,5464.758084101562 kBTU
2018-09-11T12:30:00-06:00 Denver,6024.562570765625 kBTU
2018-09-11T12:45:00-06:00 Denver,6930.91269203125 kBTU
2018-09-11T13:00:00-06:00 Denver,4824.981527914063 kBTU
2018-09-11T13:15:00-06:00 Denver,7197.486257109375 kBTU
2018-09-11T13:30:00-06:00 Denver,6104.534640289063 kBTU
2018-09-11T13:45:00-06:00 Denver,8210.465804406249 kBTU
2018-09-11T14:00:00-06:00 Denver,6531.052344414063 kBTU
2018-09-11T14:15:00-06:00 Denver,6637.681770445312 kBTU
2018-09-11T14:30:00-06:00 Denver,7357.43039615625 kBTU
2018-09-11T14:45:00-06:00 Denver,5997.905214257813 kBTU
2018-09-11T15:00:00-06:00 Denver,8876.899717101562 kBTU
2018-09-11T15:15:00-06:00 Denver,5864.61843171875 kBTU
2018-09-11T15:30:00-06:00 Denver,7890.5775263125 kBTU
2018-09-11T15:45:00-06:00 Denver,6744.311196476563 kBTU
2018-09-11T16:00:00-06:00 Denver,7890.5775263125 kBTU
2018-09-11T16:15:00-06:00 Denver,5518.072797117187 kBTU
2018-09-11T16:30:00-06:00 Denver,6930.91269203125 kBTU
2018-09-11T16:45:00-06:00 Denver,4131.890258710938 kBTU
2018-09-11T17:00:00-06:00 Denver,6637.681770445312 kBTU
2018-09-11T17:15:00-06:00 Denver,5118.2124495 kBTU
2018-09-11T17:30:00-06:00 Denver,6904.255335523438 kBTU
2018-09-11T17:45:00-06:00 Denver,3625.4004850624997 kBTU
2018-09-11T18:00:00-06:00 Denver,6504.394987906249 kBTU
2018-09-11T18:15:00-06:00 Denver,4265.17704125 kBTU
2018-09-11T18:30:00-06:00 Denver,5864.61843171875 kBTU
2018-09-11T18:45:00-06:00 Denver,3518.7710590312504 kBTU
2018-09-11T19:00:00-06:00 Denver,5144.869806007812 kBTU
2018-09-11T19:15:00-06:00 Denver,3225.5401374453127 kBTU
2018-09-11T19:30:00-06:00 Denver,4798.32417140625 kBTU
2018-09-11T19:45:00-06:00 Denver,3438.798989507812 kBTU
2018-09-11T20:00:00-06:00 Denver,3971.9461196640627 kBTU
2018-09-11T20:15:00-06:00 Denver,3758.6872676015623 kBTU
2018-09-11T20:30:00-06:00 Denver,2958.966572367188 kBTU
2018-09-11T20:45:00-06:00 Denver,319.88827809375 kBTU
2018-09-11T21:00:00-06:00 Denver,426.517704125 kBTU
2018-09-11T21:15:00-06:00 Denver,319.88827809375 kBTU
2018-09-11T21:30:00-06:00 Denver,293.2309215859375 kBTU
2018-09-11T21:45:00-06:00 Denver,533.14713015625 kBTU
2018-09-11T22:00:00-06:00 Denver,293.2309215859375 kBTU
2018-09-11T22:15:00-06:00 Denver,239.9162085703125 kBTU
2018-09-11T22:30:00-06:00 Denver,239.9162085703125 kBTU
2018-09-11T22:45:00-06:00 Denver,159.944139046875 kBTU
2018-09-11T23:00:00-06:00 Denver,106.62942603125 kBTU
2018-09-11T23:15:00-06:00 Denver,186.6014955546875 kBTU
2018-09-11T23:30:00-06:00 Denver,133.2867825390625 kBTU
2018-09-11T23:45:00-06:00 Denver,239.9162085703125 kBTU
2018-09-12T00:00:00-06:00 Denver,159.944139046875 kBTU
2018-09-12T00:15:00-06:00 Denver,319.88827809375 kBTU
2018-09-12T00:30:00-06:00 Denver,239.9162085703125 kBTU
2018-09-12T00:45:00-06:00 Denver,133.2867825390625 kBTU
2018-09-12T01:00:00-06:00 Denver,239.9162085703125 kBTU
2018-09-12T01:15:00-06:00 Denver,159.944139046875 kBTU
2018-09-12T01:30:00-06:00 Denver,133.2867825390625 kBTU
2018-09-12T01:45:00-06:00 Denver,106.62942603125 kBTU
2018-09-12T02:00:00-06:00 Denver,159.944139046875 kBTU
2018-09-12T02:15:00-06:00 Denver,186.6014955546875 kBTU
2018-09-12T02:30:00-06:00 Denver,373.202991109375 kBTU
2018-09-12T02:45:00-06:00 Denver,293.2309215859375 kBTU
2018-09-12T03:00:00-06:00 Denver,159.944139046875 kBTU
2018-09-12T03:15:00-06:00 Denver,133.2867825390625 kBTU
2018-09-12T03:30:00-06:00 Denver,239.9162085703125 kBTU
2018-09-12T03:45:00-06:00 Denver,133.2867825390625 kBTU
2018-09-12T04:00:00-06:00 Denver,133.2867825390625 kBTU
2018-09-12T04:15:00-06:00 Denver,133.2867825390625 kBTU
2018-09-12T04:30:00-06:00 Denver,266.573565078125 kBTU
2018-09-12T04:45:00-06:00 Denver,213.2588520625 kBTU
2018-09-12T05:00:00-06:00 Denver,266.573565078125 kBTU
2018-09-12T05:15:00-06:00 Denver,239.9162085703125 kBTU
2018-09-12T05:30:00-06:00 Denver,266.573565078125 kBTU
2018-09-12T05:45:00-06:00 Denver,133.2867825390625 kBTU
2018-09-12T06:00:00-06:00 Denver,106.62942603125 kBTU
2018-09-12T06:15:00-06:00 Denver,186.6014955546875 kBTU
2018-09-12T06:30:00-06:00 Denver,373.202991109375 kBTU
2018-09-12T06:45:00-06:00 Denver,1839.3575990390625 kBTU
2018-09-12T07:00:00-06:00 Denver,1119.6089733281249 kBTU
2018-09-12T07:15:00-06:00 Denver,1599.4413904687501 kBTU
2018-09-12T07:30:00-06:00 Denver,4984.925666960938 kBTU
2018-09-12T07:45:00-06:00 Denver,1945.9870250703127 kBTU
2018-09-12T08:00:00-06:00 Denver,2185.9032336406253 kBTU
2018-09-12T08:15:00-06:00 Denver,2479.1341552265626 kBTU
2018-09-12T08:30:00-06:00 Denver,3038.938641890625 kBTU
2018-09-12T08:45:00-06:00 Denver,1812.7002425312498 kBTU
2018-09-12T09:00:00-06:00 Denver,2932.309215859375 kBTU
2018-09-12T09:15:00-06:00 Denver,2745.7077203046874 kBTU
2018-09-12T09:30:00-06:00 Denver,3305.51220696875 kBTU
2018-09-12T09:45:00-06:00 Denver,3705.372554585938 kBTU
2018-09-12T10:00:00-06:00 Denver,2719.050363796875 kBTU
2018-09-12T10:15:00-06:00 Denver,4345.149110773437 kBTU
2018-09-12T10:30:00-06:00 Denver,3278.8548504609375 kBTU
2018-09-12T10:45:00-06:00 Denver,4078.575545695313 kBTU
2018-09-12T11:00:00-06:00 Denver,5624.702223148438 kBTU
2018-09-12T11:15:00-06:00 Denver,4318.491754265625 kBTU
2018-09-12T11:30:00-06:00 Denver,5944.590501242188 kBTU
2018-09-12T11:45:00-06:00 Denver,5091.555092992187 kBTU
2018-09-12T12:00:00-06:00 Denver,5518.072797117187 kBTU
2018-09-12T12:15:00-06:00 Denver,6317.793492351562 kBTU
2018-09-12T12:30:00-06:00 Denver,5464.758084101562 kBTU
2018-09-12T12:45:00-06:00 Denver,6317.793492351562 kBTU
2018-09-12T13:00:00-06:00 Denver,5278.156588546875 kBTU
2018-09-12T13:15:00-06:00 Denver,7917.234882820312 kBTU
2018-09-12T13:30:00-06:00 Denver,5011.58302346875 kBTU
2018-09-12T13:45:00-06:00 Denver,7517.374535203125 kBTU
2018-09-12T14:00:00-06:00 Denver,5757.9890056875 kBTU
2018-09-12T14:15:00-06:00 Denver,8157.151091390626 kBTU
2018-09-12T14:30:00-06:00 Denver,6131.191996796875 kBTU
2018-09-12T14:45:00-06:00 Denver,8050.521665359374 kBTU
2018-09-12T15:00:00-06:00 Denver,9116.815925671875 kBTU
2018-09-12T15:15:00-06:00 Denver,7144.1715440937505 kBTU
2018-09-12T15:30:00-06:00 Denver,7597.346604726563 kBTU
2018-09-12T15:45:00-06:00 Denver,7144.1715440937505 kBTU
2018-09-12T16:00:00-06:00 Denver,5198.184519023438 kBTU
2018-09-12T16:15:00-06:00 Denver,3278.8548504609375 kBTU
2018-09-12T16:30:00-06:00 Denver,4958.268310453125 kBTU
2018-09-12T16:45:00-06:00 Denver,3812.001980617187 kBTU
2018-09-12T17:00:00-06:00 Denver,4238.519684742188 kBTU
2018-09-12T17:15:00-06:00 Denver,4638.380032359375 kBTU
2018-09-12T17:30:00-06:00 Denver,3172.2254244296873 kBTU
2018-09-12T17:45:00-06:00 Denver,4451.778536804688 kBTU
2018-09-12T18:00:00-06:00 Denver,3118.9107114140625 kBTU
2018-09-12T18:15:00-06:00 Denver,4451.778536804688 kBTU
2018-09-12T18:30:00-06:00 Denver,3172.2254244296873 kBTU
2018-09-12T18:45:00-06:00 Denver,3198.8827809375002 kBTU
2018-09-12T19:00:00-06:00 Denver,3065.5959983984376 kBTU
2018-09-12T19:15:00-06:00 Denver,3998.603476171875 kBTU
2018-09-12T19:30:00-06:00 Denver,1972.644381578125 kBTU
2018-09-12T19:45:00-06:00 Denver,3678.715198078125 kBTU
2018-09-12T20:00:00-06:00 Denver,1812.7002425312498 kBTU
2018-09-12T20:15:00-06:00 Denver,2852.3371463359376 kBTU
2018-09-12T20:30:00-06:00 Denver,453.17506063281246 kBTU
2018-09-12T20:45:00-06:00 Denver,106.62942603125 kBTU
2018-09-12T21:00:00-06:00 Denver,213.2588520625 kBTU
2018-09-12T21:15:00-06:00 Denver,319.88827809375 kBTU
2018-09-12T21:30:00-06:00 Denver,133.2867825390625 kBTU
2018-09-12T21:45:00-06:00 Denver,239.9162085703125 kBTU
2018-09-12T22:00:00-06:00 Denver,133.2867825390625 kBTU
2018-09-12T22:15:00-06:00 Denver,133.2867825390625 kBTU
2018-09-12T22:30:00-06:00 Denver,106.62942603125 kBTU
2018-09-12T22:45:00-06:00 Denver,133.2867825390625 kBTU
2018-09-12T23:00:00-06:00 Denver,133.2867825390625 kBTU
2018-09-12T23:15:00-06:00 Denver,266.573565078125 kBTU
2018-09-12T23:30:00-06:00 Denver,319.88827809375 kBTU
2018-09-12T23:45:00-06:00 Denver,159.944139046875 kBTU
2018-09-13T00:00:00-06:00 Denver,133.2867825390625 kBTU
2018-09-13T00:15:00-06:00 Denver,106.62942603125 kBTU
2018-09-13T00:30:00-06:00 Denver,239.9162085703125 kBTU
2018-09-13T00:45:00-06:00 Denver,133.2867825390625 kBTU
2018-09-13T01:00:00-06:00 Denver,133.2867825390625 kBTU
2018-09-13T01:15:00-06:00 Denver,106.62942603125 kBTU
2018-09-13T01:30:00-06:00 Denver,133.2867825390625 kBTU
2018-09-13T01:45:00-06:00 Denver,346.54563460156254 kBTU
2018-09-13T02:00:00-06:00 Denver,319.88827809375 kBTU
2018-09-13T02:15:00-06:00 Denver,133.2867825390625 kBTU
2018-09-13T02:30:00-06:00 Denver,79.9720695234375 kBTU
2018-09-13T02:45:00-06:00 Denver,159.944139046875 kBTU
2018-09-13T03:00:00-06:00 Denver,133.2867825390625 kBTU
2018-09-13T03:15:00-06:00 Denver,239.9162085703125 kBTU
2018-09-13T03:30:00-06:00 Denver,106.62942603125 kBTU
2018-09-13T03:45:00-06:00 Denver,159.944139046875 kBTU
2018-09-13T04:00:00-06:00 Denver,239.9162085703125 kBTU
2018-09-13T04:15:00-06:00 Denver,213.2588520625 kBTU
2018-09-13T04:30:00-06:00 Denver,2692.3930072890626 kBTU
2018-09-13T04:45:00-06:00 Denver,319.88827809375 kBTU
2018-09-13T05:00:00-06:00 Denver,106.62942603125 kBTU
2018-09-13T05:15:00-06:00 Denver,133.2867825390625 kBTU
2018-09-13T05:30:00-06:00 Denver,106.62942603125 kBTU
2018-09-13T05:45:00-06:00 Denver,293.2309215859375 kBTU
2018-09-13T06:00:00-06:00 Denver,159.944139046875 kBTU
2018-09-13T06:15:00-06:00 Denver,159.944139046875 kBTU
2018-09-13T06:30:00-06:00 Denver,453.17506063281246 kBTU
2018-09-13T06:45:00-06:00 Denver,1492.8119644375 kBTU
2018-09-13T07:00:00-06:00 Denver,666.4339126953125 kBTU
2018-09-13T07:15:00-06:00 Denver,79.9720695234375 kBTU
2018-09-13T07:30:00-06:00 Denver,1652.756103484375 kBTU
2018-09-13T07:45:00-06:00 Denver,1759.3855295156252 kBTU
2018-09-13T08:00:00-06:00 Denver,1866.014955546875 kBTU
2018-09-13T08:15:00-06:00 Denver,1786.0428860234376 kBTU
2018-09-13T08:30:00-06:00 Denver,1919.3296685625 kBTU
2018-09-13T08:45:00-06:00 Denver,1812.7002425312498 kBTU
2018-09-13T09:00:00-06:00 Denver,1919.3296685625 kBTU
2018-09-13T09:15:00-06:00 Denver,1786.0428860234376 kBTU
2018-09-13T09:30:00-06:00 Denver,1945.9870250703127 kBTU
2018-09-13T09:45:00-06:00 Denver,2719.050363796875 kBTU
2018-09-13T10:00:00-06:00 Denver,1786.0428860234376 kBTU
2018-09-13T10:15:00-06:00 Denver,1812.7002425312498 kBTU
2018-09-13T10:30:00-06:00 Denver,1892.6723120546876 kBTU
2018-09-13T10:45:00-06:00 Denver,1759.3855295156252 kBTU
2018-09-13T11:00:00-06:00 Denver,1945.9870250703127 kBTU
2018-09-13T11:15:00-06:00 Denver,2212.5605901484373 kBTU
2018-09-13T11:30:00-06:00 Denver,2372.504729195313 kBTU
2018-09-13T11:45:00-06:00 Denver,2852.3371463359376 kBTU
2018-09-13T12:00:00-06:00 Denver,2932.309215859375 kBTU
2018-09-13T12:15:00-06:00 Denver,1892.6723120546876 kBTU
2018-09-13T12:30:00-06:00 Denver,3092.25335490625 kBTU
2018-09-13T12:45:00-06:00 Denver,2905.6518593515625 kBTU
2018-09-13T13:00:00-06:00 Denver,2932.309215859375 kBTU
2018-09-13T13:15:00-06:00 Denver,1866.014955546875 kBTU
2018-09-13T13:30:00-06:00 Denver,4718.352101882812 kBTU
2018-09-13T13:45:00-06:00 Denver,4638.380032359375 kBTU
2018-09-13T14:00:00-06:00 Denver,2345.8473726875 kBTU
2018-09-13T14:15:00-06:00 Denver,4345.149110773437 kBTU
2018-09-13T14:30:00-06:00 Denver,1839.3575990390625 kBTU
2018-09-13T14:45:00-06:00 Denver,4371.806467281251 kBTU
2018-09-13T15:00:00-06:00 Denver,3652.0578415703126 kBTU
2018-09-13T15:15:00-06:00 Denver,2692.3930072890626 kBTU
2018-09-13T15:30:00-06:00 Denver,4291.834397757812 kBTU
2018-09-13T15:45:00-06:00 Denver,3252.1974939531246 kBTU
2018-09-13T16:00:00-06:00 Denver,3092.25335490625 kBTU
2018-09-13T16:15:00-06:00 Denver,4451.778536804688 kBTU
2018-09-13T16:30:00-06:00 Denver,3332.169563476563 kBTU
2018-09-13T16:45:00-06:00 Denver,4131.890258710938 kBTU
2018-09-13T17:00:00-06:00 Denver,2452.47679871875 kBTU
2018-09-13T17:15:00-06:00 Denver,4105.2329022031245 kBTU
2018-09-13T17:30:00-06:00 Denver,3572.0857720468753 kBTU
2018-09-13T17:45:00-06:00 Denver,3785.344624109375 kBTU
2018-09-13T18:00:00-06:00 Denver,4131.890258710938 kBTU
2018-09-13T18:15:00-06:00 Denver,2532.4488682421875 kBTU
2018-09-13T18:30:00-06:00 Denver,3918.6314066484374 kBTU
2018-09-13T18:45:00-06:00 Denver,3065.5959983984376 kBTU
2018-09-13T19:00:00-06:00 Denver,3891.9740501406254 kBTU
2018-09-13T19:15:00-06:00 Denver,2132.588520625 kBTU
2018-09-13T19:30:00-06:00 Denver,3305.51220696875 kBTU
2018-09-13T19:45:00-06:00 Denver,1839.3575990390625 kBTU
2018-09-13T20:00:00-06:00 Denver,3092.25335490625 kBTU
2018-09-13T20:15:00-06:00 Denver,2372.504729195313 kBTU
2018-09-13T20:30:00-06:00 Denver,346.54563460156254 kBTU
2018-09-13T20:45:00-06:00 Denver,133.2867825390625 kBTU
2018-09-13T21:00:00-06:00 Denver,293.2309215859375 kBTU
2018-09-13T21:15:00-06:00 Denver,213.2588520625 kBTU
2018-09-13T21:30:00-06:00 Denver,239.9162085703125 kBTU
2018-09-13T21:45:00-06:00 Denver,133.2867825390625 kBTU
2018-09-13T22:00:00-06:00 Denver,106.62942603125 kBTU
2018-09-13T22:15:00-06:00 Denver,133.2867825390625 kBTU
2018-09-13T22:30:00-06:00 Denver,106.62942603125 kBTU
2018-09-13T22:45:00-06:00 Denver,133.2867825390625 kBTU
2018-09-13T23:00:00-06:00 Denver,293.2309215859375 kBTU
2018-09-13T23:15:00-06:00 Denver,213.2588520625 kBTU
2018-09-13T23:30:00-06:00 Denver,213.2588520625 kBTU
2018-09-13T23:45:00-06:00 Denver,159.944139046875 kBTU
2018-09-14T00:00:00-06:00 Denver,133.2867825390625 kBTU
2018-09-14T00:15:00-06:00 Denver,133.2867825390625 kBTU
2018-09-14T00:30:00-06:00 Denver,239.9162085703125 kBTU
2018-09-14T00:45:00-06:00 Denver,106.62942603125 kBTU
2018-09-14T01:00:00-06:00 Denver,186.6014955546875 kBTU
2018-09-14T01:15:00-06:00 Denver,159.944139046875 kBTU
2018-09-14T01:30:00-06:00 Denver,133.2867825390625 kBTU
2018-09-14T01:45:00-06:00 Denver,346.54563460156254 kBTU
2018-09-14T02:00:00-06:00 Denver,213.2588520625 kBTU
2018-09-14T02:15:00-06:00 Denver,133.2867825390625 kBTU
2018-09-14T02:30:00-06:00 Denver,133.2867825390625 kBTU
2018-09-14T02:45:00-06:00 Denver,133.2867825390625 kBTU
2018-09-14T03:00:00-06:00 Denver,106.62942603125 kBTU
2018-09-14T03:15:00-06:00 Denver,293.2309215859375 kBTU
2018-09-14T03:30:00-06:00 Denver,186.6014955546875 kBTU
2018-09-14T03:45:00-06:00 Denver,133.2867825390625 kBTU
2018-09-14T04:00:00-06:00 Denver,133.2867825390625 kBTU
2018-09-14T04:15:00-06:00 Denver,239.9162085703125 kBTU
2018-09-14T04:30:00-06:00 Denver,213.2588520625 kBTU
2018-09-14T04:45:00-06:00 Denver,239.9162085703125 kBTU
2018-09-14T05:00:00-06:00 Denver,133.2867825390625 kBTU
2018-09-14T05:15:00-06:00 Denver,133.2867825390625 kBTU
2018-09-14T05:30:00-06:00 Denver,186.6014955546875 kBTU
2018-09-14T05:45:00-06:00 Denver,106.62942603125 kBTU
2018-09-14T06:00:00-06:00 Denver,293.2309215859375 kBTU
2018-09-14T06:15:00-06:00 Denver,133.2867825390625 kBTU
2018-09-14T06:30:00-06:00 Denver,159.944139046875 kBTU
2018-09-14T06:45:00-06:00 Denver,239.9162085703125 kBTU
2018-09-14T07:00:00-06:00 Denver,133.2867825390625 kBTU
2018-09-14T07:15:00-06:00 Denver,186.6014955546875 kBTU
2018-09-14T07:30:00-06:00 Denver,1759.3855295156252 kBTU
2018-09-14T07:45:00-06:00 Denver,2105.9311641171876 kBTU
2018-09-14T08:00:00-06:00 Denver,2265.8753031640626 kBTU
2018-09-14T08:15:00-06:00 Denver,1759.3855295156252 kBTU
2018-09-14T08:30:00-06:00 Denver,1679.4134599921874 kBTU
2018-09-14T08:45:00-06:00 Denver,2665.73565078125 kBTU
2018-09-14T09:00:00-06:00 Denver,5624.702223148438 kBTU
2018-09-14T09:30:00-06:00 Denver,1786.0428860234376 kBTU
2018-09-14T09:45:00-06:00 Denver,2905.6518593515625 kBTU
2018-09-14T10:00:00-06:00 Denver,2132.588520625 kBTU
2018-09-14T10:15:00-06:00 Denver,2132.588520625 kBTU
2018-09-14T10:30:00-06:00 Denver,2399.162085703125 kBTU
2018-09-14T10:45:00-06:00 Denver,2505.791511734375 kBTU
2018-09-14T11:00:00-06:00 Denver,4851.6388844218745 kBTU
2018-09-14T11:15:00-06:00 Denver,2692.3930072890626 kBTU
2018-09-14T11:30:00-06:00 Denver,3278.8548504609375 kBTU
2018-09-14T11:45:00-06:00 Denver,2958.966572367188 kBTU
2018-09-14T12:00:00-06:00 Denver,4665.0373888671875 kBTU
2018-09-14T12:15:00-06:00 Denver,3012.2812853828127 kBTU
2018-09-14T12:30:00-06:00 Denver,3865.3166936328125 kBTU
2018-09-14T12:45:00-06:00 Denver,3891.9740501406254 kBTU
2018-09-14T13:00:00-06:00 Denver,5891.275788226562 kBTU
2018-09-14T13:15:00-06:00 Denver,4824.981527914063 kBTU
2018-09-14T13:30:00-06:00 Denver,6584.367057429688 kBTU
2018-09-14T13:45:00-06:00 Denver,6131.191996796875 kBTU
2018-09-14T14:00:00-06:00 Denver,11009.488237726562 kBTU
2018-09-14T14:15:00-06:00 Denver,5331.4713015625 kBTU
2018-09-14T14:30:00-06:00 Denver,9356.732134242187 kBTU
2018-09-14T14:45:00-06:00 Denver,5011.58302346875 kBTU
2018-09-14T15:00:00-06:00 Denver,9170.1306386875 kBTU
2018-09-14T15:15:00-06:00 Denver,6291.136135843751 kBTU
2018-09-14T15:30:00-06:00 Denver,8343.752586945313 kBTU
2018-09-14T15:45:00-06:00 Denver,9116.815925671875 kBTU
2018-09-14T16:00:00-06:00 Denver,7090.856831078125 kBTU
2018-09-14T16:15:00-06:00 Denver,4131.890258710938 kBTU
2018-09-14T16:30:00-06:00 Denver,5944.590501242188 kBTU
2018-09-14T16:45:00-06:00 Denver,4798.32417140625 kBTU
2018-09-14T17:00:00-06:00 Denver,3971.9461196640627 kBTU
2018-09-14T17:15:00-06:00 Denver,4958.268310453125 kBTU
2018-09-14T17:30:00-06:00 Denver,3971.9461196640627 kBTU
2018-09-14T17:45:00-06:00 Denver,3971.9461196640627 kBTU
2018-09-14T18:00:00-06:00 Denver,4931.610953945313 kBTU
2018-09-14T18:15:00-06:00 Denver,3358.826919984375 kBTU
2018-09-14T18:30:00-06:00 Denver,4851.6388844218745 kBTU
2018-09-14T18:45:00-06:00 Denver,4105.2329022031245 kBTU
2018-09-14T19:00:00-06:00 Denver,3038.938641890625 kBTU
2018-09-14T19:15:00-06:00 Denver,3625.4004850624997 kBTU
2018-09-14T19:30:00-06:00 Denver,3305.51220696875 kBTU
2018-09-14T19:45:00-06:00 Denver,2905.6518593515625 kBTU
2018-09-14T20:00:00-06:00 Denver,2905.6518593515625 kBTU
2018-09-14T20:15:00-06:00 Denver,2905.6518593515625 kBTU
2018-09-14T20:30:00-06:00 Denver,373.202991109375 kBTU
2018-09-14T20:45:00-06:00 Denver,293.2309215859375 kBTU
2018-09-14T21:00:00-06:00 Denver,319.88827809375 kBTU
2018-09-14T21:15:00-06:00 Denver,159.944139046875 kBTU
2018-09-14T21:30:00-06:00 Denver,213.2588520625 kBTU
2018-09-14T21:45:00-06:00 Denver,213.2588520625 kBTU
2018-09-14T22:00:00-06:00 Denver,133.2867825390625 kBTU
2018-09-14T22:15:00-06:00 Denver,266.573565078125 kBTU
2018-09-14T22:30:00-06:00 Denver,159.944139046875 kBTU
2018-09-14T22:45:00-06:00 Denver,186.6014955546875 kBTU
2018-09-14T23:00:00-06:00 Denver,159.944139046875 kBTU
2018-09-14T23:15:00-06:00 Denver,266.573565078125 kBTU
2018-09-14T23:30:00-06:00 Denver,239.9162085703125 kBTU
2018-09-14T23:45:00-06:00 Denver,293.2309215859375 kBTU
2018-09-15T00:00:00-06:00 Denver,213.2588520625 kBTU
2018-09-15T00:15:00-06:00 Denver,186.6014955546875 kBTU
2018-09-15T00:30:00-06:00 Denver,133.2867825390625 kBTU
2018-09-15T00:45:00-06:00 Denver,159.944139046875 kBTU
2018-09-15T01:00:00-06:00 Denver,319.88827809375 kBTU
2018-09-15T01:15:00-06:00 Denver,133.2867825390625 kBTU
2018-09-15T01:30:00-06:00 Denver,239.9162085703125 kBTU
2018-09-15T01:45:00-06:00 Denver,266.573565078125 kBTU
2018-09-15T02:00:00-06:00 Denver,213.2588520625 kBTU
2018-09-15T02:15:00-06:00 Denver,213.2588520625 kBTU
2018-09-15T02:30:00-06:00 Denver,293.2309215859375 kBTU
2018-09-15T02:45:00-06:00 Denver,186.6014955546875 kBTU
2018-09-15T03:00:00-06:00 Denver,133.2867825390625 kBTU
2018-09-15T03:15:00-06:00 Denver,159.944139046875 kBTU
2018-09-15T03:30:00-06:00 Denver,159.944139046875 kBTU
2018-09-15T03:45:00-06:00 Denver,319.88827809375 kBTU
2018-09-15T04:00:00-06:00 Denver,266.573565078125 kBTU
2018-09-15T04:15:00-06:00 Denver,239.9162085703125 kBTU
2018-09-15T04:30:00-06:00 Denver,239.9162085703125 kBTU
2018-09-15T04:45:00-06:00 Denver,186.6014955546875 kBTU
2018-09-15T05:00:00-06:00 Denver,213.2588520625 kBTU
2018-09-15T05:15:00-06:00 Denver,213.2588520625 kBTU
2018-09-15T05:30:00-06:00 Denver,186.6014955546875 kBTU
2018-09-15T05:45:00-06:00 Denver,133.2867825390625 kBTU
2018-09-15T06:00:00-06:00 Denver,159.944139046875 kBTU
2018-09-15T06:15:00-06:00 Denver,346.54563460156254 kBTU
2018-09-15T06:30:00-06:00 Denver,346.54563460156254 kBTU
2018-09-15T06:45:00-06:00 Denver,239.9162085703125 kBTU
2018-09-15T07:00:00-06:00 Denver,133.2867825390625 kBTU
2018-09-15T07:15:00-06:00 Denver,159.944139046875 kBTU
2018-09-15T07:30:00-06:00 Denver,239.9162085703125 kBTU
2018-09-15T07:45:00-06:00 Denver,213.2588520625 kBTU
2018-09-15T08:00:00-06:00 Denver,159.944139046875 kBTU
2018-09-15T08:15:00-06:00 Denver,133.2867825390625 kBTU
2018-09-15T08:30:00-06:00 Denver,239.9162085703125 kBTU
2018-09-15T08:45:00-06:00 Denver,319.88827809375 kBTU
2018-09-15T09:00:00-06:00 Denver,373.202991109375 kBTU
2018-09-15T09:15:00-06:00 Denver,133.2867825390625 kBTU
2018-09-15T09:30:00-06:00 Denver,159.944139046875 kBTU
2018-09-15T09:45:00-06:00 Denver,159.944139046875 kBTU
2018-09-15T10:00:00-06:00 Denver,133.2867825390625 kBTU
2018-09-15T10:15:00-06:00 Denver,239.9162085703125 kBTU
2018-09-15T10:30:00-06:00 Denver,186.6014955546875 kBTU
2018-09-15T10:45:00-06:00 Denver,186.6014955546875 kBTU
2018-09-15T11:00:00-06:00 Denver,319.88827809375 kBTU
2018-09-15T11:15:00-06:00 Denver,239.9162085703125 kBTU
2018-09-15T11:30:00-06:00 Denver,186.6014955546875 kBTU
2018-09-15T11:45:00-06:00 Denver,266.573565078125 kBTU
2018-09-15T12:00:00-06:00 Denver,159.944139046875 kBTU
2018-09-15T12:15:00-06:00 Denver,159.944139046875 kBTU
2018-09-15T12:30:00-06:00 Denver,133.2867825390625 kBTU
2018-09-15T12:45:00-06:00 Denver,159.944139046875 kBTU
2018-09-15T13:00:00-06:00 Denver,346.54563460156254 kBTU
2018-09-15T13:15:00-06:00 Denver,213.2588520625 kBTU
2018-09-15T13:30:00-06:00 Denver,266.573565078125 kBTU
2018-09-15T13:45:00-06:00 Denver,213.2588520625 kBTU
2018-09-15T14:00:00-06:00 Denver,159.944139046875 kBTU
2018-09-15T14:15:00-06:00 Denver,2159.2458771328124 kBTU
2018-09-15T14:30:00-06:00 Denver,1172.92368634375 kBTU
2018-09-15T14:45:00-06:00 Denver,133.2867825390625 kBTU
2018-09-15T15:00:00-06:00 Denver,159.944139046875 kBTU
2018-09-15T15:15:00-06:00 Denver,239.9162085703125 kBTU
2018-09-15T15:30:00-06:00 Denver,159.944139046875 kBTU
2018-09-15T15:45:00-06:00 Denver,373.202991109375 kBTU
2018-09-15T16:00:00-06:00 Denver,266.573565078125 kBTU
2018-09-15T16:15:00-06:00 Denver,133.2867825390625 kBTU
2018-09-15T16:30:00-06:00 Denver,159.944139046875 kBTU
2018-09-15T16:45:00-06:00 Denver,159.944139046875 kBTU
2018-09-15T17:00:00-06:00 Denver,266.573565078125 kBTU
2018-09-15T17:15:00-06:00 Denver,186.6014955546875 kBTU
2018-09-15T17:30:00-06:00 Denver,186.6014955546875 kBTU
2018-09-15T17:45:00-06:00 Denver,186.6014955546875 kBTU
2018-09-15T18:00:00-06:00 Denver,186.6014955546875 kBTU
2018-09-15T18:15:00-06:00 Denver,293.2309215859375 kBTU
2018-09-15T18:30:00-06:00 Denver,293.2309215859375 kBTU
2018-09-15T18:45:00-06:00 Denver,133.2867825390625 kBTU
2018-09-15T19:00:00-06:00 Denver,186.6014955546875 kBTU
2018-09-15T19:15:00-06:00 Denver,133.2867825390625 kBTU
2018-09-15T19:30:00-06:00 Denver,239.9162085703125 kBTU
2018-09-15T19:45:00-06:00 Denver,293.2309215859375 kBTU
2018-09-15T20:00:00-06:00 Denver,133.2867825390625 kBTU
2018-09-15T20:15:00-06:00 Denver,186.6014955546875 kBTU
2018-09-15T20:30:00-06:00 Denver,266.573565078125 kBTU
2018-09-15T20:45:00-06:00 Denver,239.9162085703125 kBTU
2018-09-15T21:00:00-06:00 Denver,266.573565078125 kBTU
2018-09-15T21:15:00-06:00 Denver,133.2867825390625 kBTU
2018-09-15T21:30:00-06:00 Denver,213.2588520625 kBTU
2018-09-15T21:45:00-06:00 Denver,239.9162085703125 kBTU
2018-09-15T22:00:00-06:00 Denver,133.2867825390625 kBTU
2018-09-15T22:15:00-06:00 Denver,159.944139046875 kBTU
2018-09-15T22:30:00-06:00 Denver,293.2309215859375 kBTU
2018-09-15T22:45:00-06:00 Denver,239.9162085703125 kBTU
2018-09-15T23:00:00-06:00 Denver,266.573565078125 kBTU
2018-09-15T23:15:00-06:00 Denver,159.944139046875 kBTU
2018-09-15T23:30:00-06:00 Denver,186.6014955546875 kBTU
2018-09-15T23:45:00-06:00 Denver,293.2309215859375 kBTU
2018-09-16T00:00:00-06:00 Denver,239.9162085703125 kBTU
2018-09-16T00:15:00-06:00 Denver,133.2867825390625 kBTU
2018-09-16T00:30:00-06:00 Denver,186.6014955546875 kBTU
2018-09-16T00:45:00-06:00 Denver,159.944139046875 kBTU
2018-09-16T01:00:00-06:00 Denver,213.2588520625 kBTU
2018-09-16T01:15:01-06:00 Denver,373.202991109375 kBTU
2018-09-16T01:30:00-06:00 Denver,213.2588520625 kBTU
2018-09-16T01:45:00-06:00 Denver,186.6014955546875 kBTU
2018-09-16T02:00:00-06:00 Denver,239.9162085703125 kBTU
2018-09-16T02:15:00-06:00 Denver,133.2867825390625 kBTU
2018-09-16T02:30:00-06:00 Denver,186.6014955546875 kBTU
2018-09-16T02:45:00-06:00 Denver,266.573565078125 kBTU
2018-09-16T03:00:00-06:00 Denver,159.944139046875 kBTU
2018-09-16T03:15:00-06:00 Denver,186.6014955546875 kBTU
2018-09-16T03:30:00-06:00 Denver,266.573565078125 kBTU
2018-09-16T03:45:00-06:00 Denver,239.9162085703125 kBTU
2018-09-16T04:00:00-06:00 Denver,293.2309215859375 kBTU
2018-09-16T04:15:00-06:00 Denver,239.9162085703125 kBTU
2018-09-16T04:30:00-06:00 Denver,186.6014955546875 kBTU
2018-09-16T04:45:00-06:00 Denver,159.944139046875 kBTU
2018-09-16T05:00:00-06:00 Denver,133.2867825390625 kBTU
2018-09-16T05:15:00-06:00 Denver,293.2309215859375 kBTU
2018-09-16T05:30:00-06:00 Denver,159.944139046875 kBTU
2018-09-16T05:45:00-06:00 Denver,239.9162085703125 kBTU
2018-09-16T06:00:00-06:00 Denver,266.573565078125 kBTU
2018-09-16T06:15:00-06:00 Denver,239.9162085703125 kBTU
2018-09-16T06:30:00-06:00 Denver,213.2588520625 kBTU
2018-09-16T06:45:00-06:00 Denver,293.2309215859375 kBTU
2018-09-16T07:00:00-06:00 Denver,186.6014955546875 kBTU
2018-09-16T07:15:00-06:00 Denver,133.2867825390625 kBTU
2018-09-16T07:30:00-06:00 Denver,159.944139046875 kBTU
2018-09-16T07:45:00-06:00 Denver,186.6014955546875 kBTU
2018-09-16T08:00:00-06:00 Denver,186.6014955546875 kBTU
2018-09-16T08:15:00-06:00 Denver,373.202991109375 kBTU
2018-09-16T08:30:00-06:00 Denver,239.9162085703125 kBTU
2018-09-16T08:45:00-06:00 Denver,239.9162085703125 kBTU
2018-09-16T09:00:00-06:00 Denver,133.2867825390625 kBTU
2018-09-16T09:15:00-06:00 Denver,186.6014955546875 kBTU
2018-09-16T09:30:00-06:00 Denver,266.573565078125 kBTU
2018-09-16T09:45:00-06:00 Denver,159.944139046875 kBTU
2018-09-16T10:00:00-06:00 Denver,159.944139046875 kBTU
2018-09-16T10:15:00-06:00 Denver,133.2867825390625 kBTU
2018-09-16T10:30:00-06:00 Denver,266.573565078125 kBTU
2018-09-16T10:45:00-06:00 Denver,293.2309215859375 kBTU
2018-09-16T11:00:00-06:00 Denver,346.54563460156254 kBTU
2018-09-16T11:15:00-06:00 Denver,133.2867825390625 kBTU
2018-09-16T11:30:00-06:00 Denver,186.6014955546875 kBTU
2018-09-16T11:45:00-06:00 Denver,133.2867825390625 kBTU
2018-09-16T12:00:00-06:00 Denver,159.944139046875 kBTU
2018-09-16T12:15:00-06:00 Denver,133.2867825390625 kBTU
2018-09-16T12:30:00-06:00 Denver,293.2309215859375 kBTU
2018-09-16T12:45:00-06:00 Denver,3225.5401374453127 kBTU
2018-09-16T13:00:00-06:00 Denver,319.88827809375 kBTU
2018-09-16T13:15:00-06:00 Denver,239.9162085703125 kBTU
2018-09-16T13:30:00-06:00 Denver,159.944139046875 kBTU
2018-09-16T13:45:00-06:00 Denver,266.573565078125 kBTU
2018-09-16T14:00:00-06:00 Denver,159.944139046875 kBTU
2018-09-16T14:15:00-06:00 Denver,159.944139046875 kBTU
2018-09-16T14:30:00-06:00 Denver,133.2867825390625 kBTU
2018-09-16T14:45:00-06:00 Denver,159.944139046875 kBTU
2018-09-16T15:00:00-06:00 Denver,319.88827809375 kBTU
2018-09-16T15:15:00-06:00 Denver,293.2309215859375 kBTU
2018-09-16T15:30:00-06:00 Denver,293.2309215859375 kBTU
2018-09-16T15:45:00-06:00 Denver,133.2867825390625 kBTU
2018-09-16T16:00:00-06:00 Denver,159.944139046875 kBTU
2018-09-16T16:15:00-06:00 Denver,186.6014955546875 kBTU
2018-09-16T16:30:00-06:00 Denver,239.9162085703125 kBTU
2018-09-16T16:45:00-06:00 Denver,159.944139046875 kBTU
2018-09-16T17:00:00-06:00 Denver,159.944139046875 kBTU
2018-09-16T17:15:00-06:00 Denver,213.2588520625 kBTU
2018-09-16T17:30:00-06:00 Denver,319.88827809375 kBTU
2018-09-16T17:45:00-06:00 Denver,266.573565078125 kBTU
2018-09-16T18:00:00-06:00 Denver,266.573565078125 kBTU
2018-09-16T18:15:00-06:00 Denver,159.944139046875 kBTU
2018-09-16T18:30:00-06:00 Denver,186.6014955546875 kBTU
2018-09-16T18:45:00-06:00 Denver,159.944139046875 kBTU
2018-09-16T19:00:00-06:00 Denver,133.2867825390625 kBTU
2018-09-16T19:15:00-06:00 Denver,239.9162085703125 kBTU
2018-09-16T19:30:00-06:00 Denver,319.88827809375 kBTU
2018-09-16T19:45:00-06:00 Denver,239.9162085703125 kBTU
2018-09-16T20:00:00-06:00 Denver,266.573565078125 kBTU
2018-09-16T20:15:00-06:00 Denver,159.944139046875 kBTU
2018-09-16T20:30:00-06:00 Denver,186.6014955546875 kBTU
2018-09-16T20:45:00-06:00 Denver,266.573565078125 kBTU
2018-09-16T21:00:00-06:00 Denver,133.2867825390625 kBTU
2018-09-16T21:15:00-06:00 Denver,239.9162085703125 kBTU
2018-09-16T21:30:00-06:00 Denver,186.6014955546875 kBTU
2018-09-16T21:45:00-06:00 Denver,133.2867825390625 kBTU
2018-09-16T22:00:00-06:00 Denver,346.54563460156254 kBTU
2018-09-16T22:15:00-06:00 Denver,266.573565078125 kBTU
2018-09-16T22:30:00-06:00 Denver,186.6014955546875 kBTU
2018-09-16T22:45:00-06:00 Denver,159.944139046875 kBTU
2018-09-16T23:00:00-06:00 Denver,159.944139046875 kBTU
2018-09-16T23:15:00-06:00 Denver,159.944139046875 kBTU
2018-09-16T23:30:00-06:00 Denver,346.54563460156254 kBTU
2018-09-16T23:45:00-06:00 Denver,186.6014955546875 kBTU
2018-09-17T00:00:00-06:00 Denver,159.944139046875 kBTU
2018-09-17T00:15:00-06:00 Denver,159.944139046875 kBTU
2018-09-17T00:30:00-06:00 Denver,293.2309215859375 kBTU
2018-09-17T00:45:00-06:00 Denver,373.202991109375 kBTU
2018-09-17T01:00:00-06:00 Denver,159.944139046875 kBTU
2018-09-17T01:15:00-06:00 Denver,133.2867825390625 kBTU
2018-09-17T01:30:00-06:00 Denver,213.2588520625 kBTU
2018-09-17T01:45:00-06:00 Denver,239.9162085703125 kBTU
2018-09-17T02:00:00-06:00 Denver,133.2867825390625 kBTU
2018-09-17T02:15:00-06:00 Denver,266.573565078125 kBTU
2018-09-17T02:30:00-06:00 Denver,186.6014955546875 kBTU
2018-09-17T02:45:00-06:00 Denver,266.573565078125 kBTU
2018-09-17T03:00:00-06:00 Denver,266.573565078125 kBTU
2018-09-17T03:15:00-06:00 Denver,133.2867825390625 kBTU
2018-09-17T03:30:00-06:00 Denver,319.88827809375 kBTU
2018-09-17T03:45:00-06:00 Denver,186.6014955546875 kBTU
2018-09-17T04:00:00-06:00 Denver,213.2588520625 kBTU
2018-09-17T04:15:00-06:00 Denver,159.944139046875 kBTU
2018-09-17T04:30:00-06:00 Denver,186.6014955546875 kBTU
2018-09-17T04:45:00-06:00 Denver,133.2867825390625 kBTU
2018-09-17T05:00:00-06:00 Denver,346.54563460156254 kBTU
2018-09-17T05:15:00-06:00 Denver,266.573565078125 kBTU
2018-09-17T05:30:00-06:00 Denver,213.2588520625 kBTU
2018-09-17T05:45:00-06:00 Denver,133.2867825390625 kBTU
2018-09-17T06:00:00-06:00 Denver,239.9162085703125 kBTU
2018-09-17T06:15:00-06:00 Denver,293.2309215859375 kBTU
2018-09-17T06:30:00-06:00 Denver,346.54563460156254 kBTU
2018-09-17T06:45:00-06:00 Denver,4824.981527914063 kBTU
2018-09-17T07:00:00-06:00 Denver,0.0 kBTU
2018-09-17T07:15:00-06:00 Denver,186.6014955546875 kBTU
2018-09-17T07:30:00-06:00 Denver,3145.5680679218754 kBTU
2018-09-17T07:45:00-06:00 Denver,1972.644381578125 kBTU
2018-09-17T08:00:00-06:00 Denver,1786.0428860234376 kBTU
2018-09-17T08:15:00-06:00 Denver,1919.3296685625 kBTU
2018-09-17T08:30:00-06:00 Denver,1839.3575990390625 kBTU
2018-09-17T08:45:00-06:00 Denver,1786.0428860234376 kBTU
2018-09-17T09:00:00-06:00 Denver,1892.6723120546876 kBTU
2018-09-17T09:15:00-06:00 Denver,1759.3855295156252 kBTU
2018-09-17T09:30:00-06:00 Denver,1945.9870250703127 kBTU
2018-09-17T09:45:00-06:00 Denver,2719.050363796875 kBTU
2018-09-17T10:00:00-06:00 Denver,1919.3296685625 kBTU
2018-09-17T10:15:00-06:00 Denver,2185.9032336406253 kBTU
2018-09-17T10:30:00-06:00 Denver,4585.06531934375 kBTU
2018-09-17T10:45:00-06:00 Denver,3145.5680679218754 kBTU
2018-09-17T11:00:00-06:00 Denver,5997.905214257813 kBTU
2018-09-17T11:15:00-06:00 Denver,4185.204971726563 kBTU
2018-09-17T11:30:00-06:00 Denver,6291.136135843751 kBTU
2018-09-17T11:45:00-06:00 Denver,4638.380032359375 kBTU
2018-09-17T12:00:00-06:00 Denver,5757.9890056875 kBTU
2018-09-17T12:15:00-06:00 Denver,6877.597979015624 kBTU
2018-09-17T12:30:00-06:00 Denver,6104.534640289063 kBTU
2018-09-17T12:45:00-06:00 Denver,7490.717178695313 kBTU
2018-09-17T13:00:00-06:00 Denver,5438.10072759375 kBTU
2018-09-17T13:15:00-06:00 Denver,6451.080274890625 kBTU
2018-09-17T13:30:00-06:00 Denver,5757.9890056875 kBTU
2018-09-17T13:45:00-06:00 Denver,7837.262813296875 kBTU
2018-09-17T14:00:00-06:00 Denver,7490.717178695313 kBTU
2018-09-17T14:15:00-06:00 Denver,8956.871786624999 kBTU
2018-09-17T14:30:00-06:00 Denver,7250.800970124999 kBTU
2018-09-17T14:45:00-06:00 Denver,7117.514187585938 kBTU
2018-09-17T15:00:00-06:00 Denver,8343.752586945313 kBTU
2018-09-17T15:15:00-06:00 Denver,7064.199474570312 kBTU
2018-09-17T15:30:00-06:00 Denver,8557.011439007812 kBTU
2018-09-17T15:45:00-06:00 Denver,9036.843856148438 kBTU
2018-09-17T16:00:00-06:00 Denver,4851.6388844218745 kBTU
2018-09-17T16:15:00-06:00 Denver,3678.715198078125 kBTU
2018-09-17T16:30:00-06:00 Denver,5251.499232039063 kBTU
2018-09-17T16:45:00-06:00 Denver,3785.344624109375 kBTU
2018-09-17T17:00:00-06:00 Denver,5224.84187553125 kBTU
2018-09-17T17:15:00-06:00 Denver,4745.009458390626 kBTU
2018-09-17T17:30:00-06:00 Denver,4291.834397757812 kBTU
2018-09-17T17:45:00-06:00 Denver,5118.2124495 kBTU
2018-09-17T18:00:00-06:00 Denver,3172.2254244296873 kBTU
2018-09-17T18:15:00-06:00 Denver,4984.925666960938 kBTU
2018-09-17T18:30:00-06:00 Denver,3598.7431285546877 kBTU
2018-09-17T18:45:00-06:00 Denver,4318.491754265625 kBTU
2018-09-17T19:00:00-06:00 Denver,4078.575545695313 kBTU
2018-09-17T19:15:00-06:00 Denver,4291.834397757812 kBTU
2018-09-17T19:30:00-06:00 Denver,2905.6518593515625 kBTU
2018-09-17T19:45:00-06:00 Denver,3652.0578415703126 kBTU
2018-09-17T20:00:00-06:00 Denver,2958.966572367188 kBTU
2018-09-17T20:15:00-06:00 Denver,5464.758084101562 kBTU
2018-09-17T20:30:00-06:00 Denver,719.7486257109375 kBTU
2018-09-17T20:45:00-06:00 Denver,319.88827809375 kBTU
2018-09-17T21:00:00-06:00 Denver,239.9162085703125 kBTU
2018-09-17T21:15:00-06:00 Denver,319.88827809375 kBTU
2018-09-17T21:30:00-06:00 Denver,266.573565078125 kBTU
2018-09-17T21:45:00-06:00 Denver,213.2588520625 kBTU
2018-09-17T22:00:00-06:00 Denver,266.573565078125 kBTU
2018-09-17T22:15:00-06:00 Denver,159.944139046875 kBTU
2018-09-17T22:30:00-06:00 Denver,159.944139046875 kBTU
2018-09-17T22:45:00-06:00 Denver,159.944139046875 kBTU
2018-09-17T23:00:00-06:00 Denver,159.944139046875 kBTU
2018-09-17T23:15:00-06:00 Denver,293.2309215859375 kBTU
2018-09-17T23:30:00-06:00 Denver,239.9162085703125 kBTU
2018-09-17T23:45:00-06:00 Denver,266.573565078125 kBTU
2018-09-18T00:00:00-06:00 Denver,266.573565078125 kBTU
2018-09-18T00:15:00-06:00 Denver,159.944139046875 kBTU
2018-09-18T00:30:00-06:00 Denver,159.944139046875 kBTU
2018-09-18T00:45:00-06:00 Denver,293.2309215859375 kBTU
2018-09-18T01:00:00-06:00 Denver,133.2867825390625 kBTU
2018-09-18T01:15:00-06:00 Denver,186.6014955546875 kBTU
2018-09-18T01:30:00-06:00 Denver,159.944139046875 kBTU
2018-09-18T01:45:00-06:00 Denver,239.9162085703125 kBTU
2018-09-18T02:00:00-06:00 Denver,239.9162085703125 kBTU
2018-09-18T02:15:00-06:00 Denver,373.202991109375 kBTU
2018-09-18T02:30:00-06:00 Denver,213.2588520625 kBTU
2018-09-18T02:45:00-06:00 Denver,133.2867825390625 kBTU
2018-09-18T03:00:00-06:00 Denver,159.944139046875 kBTU
2018-09-18T03:15:00-06:00 Denver,186.6014955546875 kBTU
2018-09-18T03:30:00-06:00 Denver,266.573565078125 kBTU
2018-09-18T03:45:00-06:00 Denver,159.944139046875 kBTU
2018-09-18T04:00:00-06:00 Denver,213.2588520625 kBTU
2018-09-18T04:15:00-06:00 Denver,213.2588520625 kBTU
2018-09-18T04:30:00-06:00 Denver,266.573565078125 kBTU
2018-09-18T04:45:00-06:00 Denver,346.54563460156254 kBTU
2018-09-18T05:00:00-06:00 Denver,159.944139046875 kBTU
2018-09-18T05:15:00-06:00 Denver,133.2867825390625 kBTU
2018-09-18T05:30:00-06:00 Denver,186.6014955546875 kBTU
2018-09-18T05:45:00-06:00 Denver,133.2867825390625 kBTU
2018-09-18T06:00:00-06:00 Denver,319.88827809375 kBTU
2018-09-18T06:15:00-06:00 Denver,213.2588520625 kBTU
2018-09-18T06:30:00-06:00 Denver,186.6014955546875 kBTU
2018-09-18T06:45:00-06:00 Denver,159.944139046875 kBTU
2018-09-18T07:00:00-06:00 Denver,1839.3575990390625 kBTU
2018-09-18T07:15:00-06:00 Denver,133.2867825390625 kBTU
2018-09-18T07:30:00-06:00 Denver,3385.4842764921877 kBTU
2018-09-18T07:45:00-06:00 Denver,1839.3575990390625 kBTU
2018-09-18T08:00:00-06:00 Denver,1919.3296685625 kBTU
2018-09-18T08:15:00-06:00 Denver,2905.6518593515625 kBTU
2018-09-18T08:30:00-06:00 Denver,1972.644381578125 kBTU
2018-09-18T08:45:00-06:00 Denver,2212.5605901484373 kBTU
2018-09-18T09:00:00-06:00 Denver,2532.4488682421875 kBTU
2018-09-18T09:15:00-06:00 Denver,3065.5959983984376 kBTU
2018-09-18T09:30:00-06:00 Denver,2958.966572367188 kBTU
2018-09-18T09:45:00-06:00 Denver,5358.128658070313 kBTU
2018-09-18T10:00:00-06:00 Denver,2265.8753031640626 kBTU
2018-09-18T10:15:00-06:00 Denver,3891.9740501406254 kBTU
2018-09-18T10:30:00-06:00 Denver,2105.9311641171876 kBTU
2018-09-18T10:45:00-06:00 Denver,4558.407962835938 kBTU
2018-09-18T11:00:00-06:00 Denver,6397.7655618750005 kBTU
2018-09-18T11:15:00-06:00 Denver,4425.121180296875 kBTU
2018-09-18T11:30:00-06:00 Denver,6584.367057429688 kBTU
2018-09-18T11:45:00-06:00 Denver,5358.128658070313 kBTU
2018-09-18T12:00:00-06:00 Denver,7170.828900601562 kBTU
2018-09-18T12:15:00-06:00 Denver,5731.331649179688 kBTU
2018-09-18T12:30:00-06:00 Denver,6237.821422828125 kBTU
2018-09-18T12:45:00-06:00 Denver,7170.828900601562 kBTU
2018-09-18T13:00:00-06:00 Denver,3891.9740501406254 kBTU
2018-09-18T13:15:00-06:00 Denver,5731.331649179688 kBTU
2018-09-18T13:30:00-06:00 Denver,3545.4284155390624 kBTU
2018-09-18T13:45:00-06:00 Denver,5331.4713015625 kBTU
2018-09-18T14:00:00-06:00 Denver,5358.128658070313 kBTU
2018-09-18T14:15:00-06:00 Denver,4265.17704125 kBTU
2018-09-18T14:30:00-06:00 Denver,6850.940622507813 kBTU
2018-09-18T14:45:00-06:00 Denver,5491.415440609375 kBTU
2018-09-18T15:00:00-06:00 Denver,8237.123160914063 kBTU
2018-09-18T15:15:00-06:00 Denver,6504.394987906249 kBTU
2018-09-18T15:30:00-06:00 Denver,6957.5700485390635 kBTU
2018-09-18T15:45:00-06:00 Denver,7490.717178695313 kBTU
2018-09-18T16:00:00-06:00 Denver,7144.1715440937505 kBTU
2018-09-18T16:15:00-06:00 Denver,7517.374535203125 kBTU
2018-09-18T16:30:00-06:00 Denver,5971.24785775 kBTU
2018-09-18T16:45:00-06:00 Denver,7197.486257109375 kBTU
2018-09-18T17:00:00-06:00 Denver,7650.661317742188 kBTU
2018-09-18T17:15:00-06:00 Denver,6157.849353304688 kBTU
2018-09-18T17:30:00-06:00 Denver,4958.268310453125 kBTU
2018-09-18T17:45:00-06:00 Denver,2585.763581257813 kBTU
2018-09-18T18:00:00-06:00 Denver,4371.806467281251 kBTU
2018-09-18T18:15:00-06:00 Denver,3278.8548504609375 kBTU
2018-09-18T18:30:00-06:00 Denver,4771.666814898437 kBTU
2018-09-18T18:45:00-06:00 Denver,3785.344624109375 kBTU
2018-09-18T19:00:00-06:00 Denver,4265.17704125 kBTU
2018-09-18T19:15:00-06:00 Denver,3278.8548504609375 kBTU
2018-09-18T19:30:00-06:00 Denver,4078.575545695313 kBTU
2018-09-18T19:45:00-06:00 Denver,2958.966572367188 kBTU
2018-09-18T20:00:00-06:00 Denver,3865.3166936328125 kBTU
2018-09-18T20:15:00-06:00 Denver,4291.834397757812 kBTU
2018-09-18T20:30:00-06:00 Denver,479.832417140625 kBTU
2018-09-18T20:45:00-06:00 Denver,239.9162085703125 kBTU
2018-09-18T21:00:00-06:00 Denver,239.9162085703125 kBTU
2018-09-18T21:15:00-06:00 Denver,373.202991109375 kBTU
2018-09-18T21:30:00-06:00 Denver,133.2867825390625 kBTU
2018-09-18T21:45:00-06:00 Denver,159.944139046875 kBTU
2018-09-18T22:00:00-06:00 Denver,186.6014955546875 kBTU
2018-09-18T22:15:00-06:00 Denver,159.944139046875 kBTU
2018-09-18T22:30:00-06:00 Denver,239.9162085703125 kBTU
2018-09-18T22:45:00-06:00 Denver,239.9162085703125 kBTU
2018-09-18T23:00:00-06:00 Denver,213.2588520625 kBTU
2018-09-18T23:15:00-06:00 Denver,239.9162085703125 kBTU
2018-09-18T23:30:00-06:00 Denver,239.9162085703125 kBTU
2018-09-18T23:45:00-06:00 Denver,133.2867825390625 kBTU
2018-09-19T00:00:00-06:00 Denver,293.2309215859375 kBTU
2018-09-19T00:15:00-06:00 Denver,133.2867825390625 kBTU
2018-09-19T00:30:00-06:00 Denver,239.9162085703125 kBTU
2018-09-19T00:45:00-06:00 Denver,186.6014955546875 kBTU
2018-09-19T01:00:00-06:00 Denver,159.944139046875 kBTU
2018-09-19T01:15:00-06:00 Denver,266.573565078125 kBTU
2018-09-19T01:30:00-06:00 Denver,293.2309215859375 kBTU
2018-09-19T01:45:00-06:00 Denver,239.9162085703125 kBTU
2018-09-19T02:00:00-06:00 Denver,159.944139046875 kBTU
2018-09-19T02:15:00-06:00 Denver,159.944139046875 kBTU
2018-09-19T02:30:00-06:00 Denver,319.88827809375 kBTU
2018-09-19T02:45:00-06:00 Denver,213.2588520625 kBTU
2018-09-19T03:00:00-06:00 Denver,159.944139046875 kBTU
2018-09-19T03:15:00-06:00 Denver,159.944139046875 kBTU
2018-09-19T03:30:00-06:00 Denver,186.6014955546875 kBTU
2018-09-19T03:45:00-06:00 Denver,346.54563460156254 kBTU
2018-09-19T04:00:00-06:00 Denver,266.573565078125 kBTU
2018-09-19T04:15:00-06:00 Denver,159.944139046875 kBTU
2018-09-19T04:30:00-06:00 Denver,239.9162085703125 kBTU
2018-09-19T04:45:00-06:00 Denver,213.2588520625 kBTU
2018-09-19T05:00:00-06:00 Denver,266.573565078125 kBTU
2018-09-19T05:15:00-06:00 Denver,133.2867825390625 kBTU
2018-09-19T05:30:00-06:00 Denver,186.6014955546875 kBTU
2018-09-19T05:45:00-06:00 Denver,133.2867825390625 kBTU
2018-09-19T06:00:00-06:00 Denver,799.7206952343751 kBTU
2018-09-19T06:15:00-06:00 Denver,2025.95909459375 kBTU
2018-09-19T06:30:00-06:00 Denver,266.573565078125 kBTU
2018-09-19T06:45:00-06:00 Denver,1919.3296685625 kBTU
2018-09-19T07:00:00-06:00 Denver,26.6573565078125 kBTU
2018-09-19T07:15:00-06:00 Denver,106.62942603125 kBTU
2018-09-19T07:30:00-06:00 Denver,1786.0428860234376 kBTU
2018-09-19T07:45:00-06:00 Denver,1839.3575990390625 kBTU
2018-09-19T08:00:00-06:00 Denver,1839.3575990390625 kBTU
2018-09-19T08:15:00-06:00 Denver,3785.344624109375 kBTU
2018-09-19T08:30:00-06:00 Denver,1999.3017380859376 kBTU
2018-09-19T08:45:00-06:00 Denver,2132.588520625 kBTU
2018-09-19T09:00:00-06:00 Denver,1732.7281730078125 kBTU
2018-09-19T09:15:00-06:00 Denver,1306.2104688828124 kBTU
2018-09-19T09:30:00-06:00 Denver,2372.504729195313 kBTU
2018-09-19T09:45:00-06:00 Denver,2265.8753031640626 kBTU
2018-09-19T10:00:00-06:00 Denver,2372.504729195313 kBTU
2018-09-19T10:15:00-06:00 Denver,2639.0782942734377 kBTU
2018-09-19T10:30:00-06:00 Denver,3945.28876315625 kBTU
2018-09-19T10:45:00-06:00 Denver,3145.5680679218754 kBTU
2018-09-19T11:00:00-06:00 Denver,2585.763581257813 kBTU
2018-09-19T11:15:00-06:00 Denver,4478.4358933124995 kBTU
2018-09-19T11:30:00-06:00 Denver,2585.763581257813 kBTU
2018-09-19T11:45:00-06:00 Denver,3518.7710590312504 kBTU
2018-09-19T12:00:00-06:00 Denver,4398.463823789062 kBTU
2018-09-19T12:15:00-06:00 Denver,3492.1137025234375 kBTU
2018-09-19T12:30:00-06:00 Denver,5491.415440609375 kBTU
2018-09-19T12:45:00-06:00 Denver,3305.51220696875 kBTU
2018-09-19T13:00:00-06:00 Denver,5438.10072759375 kBTU
2018-09-19T13:15:00-06:00 Denver,3172.2254244296873 kBTU
2018-09-19T13:30:00-06:00 Denver,6077.87728378125 kBTU
2018-09-19T13:45:00-06:00 Denver,4665.0373888671875 kBTU
2018-09-19T14:00:00-06:00 Denver,8077.179021867189 kBTU
2018-09-19T14:15:00-06:00 Denver,5011.58302346875 kBTU
2018-09-19T14:30:00-06:00 Denver,5278.156588546875 kBTU
2018-09-19T14:45:00-06:00 Denver,6104.534640289063 kBTU
2018-09-19T15:00:00-06:00 Denver,5651.35957965625 kBTU
2018-09-19T15:15:00-06:00 Denver,7010.884761554687 kBTU
2018-09-19T15:30:00-06:00 Denver,7117.514187585938 kBTU
2018-09-19T15:45:00-06:00 Denver,6984.227405046875 kBTU
2018-09-19T16:00:00-06:00 Denver,4904.9535974375 kBTU
2018-09-19T16:15:00-06:00 Denver,3865.3166936328125 kBTU
2018-09-19T16:30:00-06:00 Denver,3598.7431285546877 kBTU
2018-09-19T16:45:00-06:00 Denver,3918.6314066484374 kBTU
2018-09-19T17:00:00-06:00 Denver,4051.9181891875 kBTU
2018-09-19T17:15:00-06:00 Denver,3172.2254244296873 kBTU
2018-09-19T17:30:00-06:00 Denver,4025.260832679687 kBTU
2018-09-19T17:45:00-06:00 Denver,3625.4004850624997 kBTU
2018-09-19T18:00:00-06:00 Denver,3918.6314066484374 kBTU
2018-09-19T18:15:00-06:00 Denver,2639.0782942734377 kBTU
2018-09-19T18:30:00-06:00 Denver,3865.3166936328125 kBTU
2018-09-19T18:45:00-06:00 Denver,3332.169563476563 kBTU
2018-09-19T19:00:00-06:00 Denver,3812.001980617187 kBTU
2018-09-19T19:15:00-06:00 Denver,2079.273807609375 kBTU
2018-09-19T19:30:00-06:00 Denver,2932.309215859375 kBTU
2018-09-19T19:45:00-06:00 Denver,2745.7077203046874 kBTU
2018-09-19T20:00:00-06:00 Denver,3198.8827809375002 kBTU
2018-09-19T20:15:00-06:00 Denver,3678.715198078125 kBTU
2018-09-19T20:30:00-06:00 Denver,453.17506063281246 kBTU
2018-09-19T20:45:00-06:00 Denver,159.944139046875 kBTU
2018-09-19T21:00:00-06:00 Denver,293.2309215859375 kBTU
2018-09-19T21:15:00-06:00 Denver,159.944139046875 kBTU
2018-09-19T21:30:00-06:00 Denver,133.2867825390625 kBTU
2018-09-19T21:45:00-06:00 Denver,213.2588520625 kBTU
2018-09-19T22:00:00-06:00 Denver,213.2588520625 kBTU
2018-09-19T22:15:00-06:00 Denver,266.573565078125 kBTU
2018-09-19T22:30:00-06:00 Denver,213.2588520625 kBTU
2018-09-19T22:45:00-06:00 Denver,266.573565078125 kBTU
2018-09-19T23:00:00-06:00 Denver,186.6014955546875 kBTU
2018-09-19T23:15:00-06:00 Denver,186.6014955546875 kBTU
2018-09-19T23:30:00-06:00 Denver,213.2588520625 kBTU
2018-09-19T23:45:00-06:00 Denver,213.2588520625 kBTU
2018-09-20T00:00:00-06:00 Denver,213.2588520625 kBTU
2018-09-20T00:15:00-06:00 Denver,213.2588520625 kBTU
2018-09-20T00:30:00-06:00 Denver,133.2867825390625 kBTU
2018-09-20T00:45:00-06:00 Denver,266.573565078125 kBTU
2018-09-20T01:00:00-06:00 Denver,266.573565078125 kBTU
2018-09-20T01:15:00-06:00 Denver,239.9162085703125 kBTU
2018-09-20T01:30:00-06:00 Denver,186.6014955546875 kBTU
2018-09-20T01:45:00-06:00 Denver,159.944139046875 kBTU
2018-09-20T02:00:00-06:00 Denver,319.88827809375 kBTU
2018-09-20T02:15:00-06:00 Denver,186.6014955546875 kBTU
2018-09-20T02:30:00-06:00 Denver,186.6014955546875 kBTU
2018-09-20T02:45:00-06:00 Denver,159.944139046875 kBTU
2018-09-20T03:00:00-06:00 Denver,186.6014955546875 kBTU
2018-09-20T03:15:00-06:00 Denver,293.2309215859375 kBTU
2018-09-20T03:30:00-06:00 Denver,266.573565078125 kBTU
2018-09-20T03:45:00-06:00 Denver,239.9162085703125 kBTU
2018-09-20T04:00:00-06:00 Denver,133.2867825390625 kBTU
2018-09-20T04:15:00-06:00 Denver,239.9162085703125 kBTU
2018-09-20T04:30:00-06:00 Denver,319.88827809375 kBTU
2018-09-20T04:45:00-06:00 Denver,159.944139046875 kBTU
2018-09-20T05:00:00-06:00 Denver,133.2867825390625 kBTU
2018-09-20T05:15:00-06:00 Denver,186.6014955546875 kBTU
2018-09-20T05:30:00-06:00 Denver,159.944139046875 kBTU
2018-09-20T05:45:00-06:00 Denver,346.54563460156254 kBTU
2018-09-20T06:00:00-06:00 Denver,239.9162085703125 kBTU
2018-09-20T06:15:00-06:00 Denver,239.9162085703125 kBTU
2018-09-20T06:30:00-06:00 Denver,159.944139046875 kBTU
2018-09-20T06:45:00-06:00 Denver,1812.7002425312498 kBTU
2018-09-20T07:00:00-06:00 Denver,2505.791511734375 kBTU
2018-09-20T07:15:00-06:00 Denver,26.6573565078125 kBTU
2018-09-20T07:30:00-06:00 Denver,1679.4134599921874 kBTU
2018-09-20T07:45:00-06:00 Denver,1866.014955546875 kBTU
2018-09-20T08:00:00-06:00 Denver,1839.3575990390625 kBTU
2018-09-20T08:15:00-06:00 Denver,2052.6164511015622 kBTU
2018-09-20T08:30:00-06:00 Denver,1999.3017380859376 kBTU
2018-09-20T08:45:00-06:00 Denver,1892.6723120546876 kBTU
2018-09-20T09:00:00-06:00 Denver,1812.7002425312498 kBTU
2018-09-20T09:15:00-06:00 Denver,1839.3575990390625 kBTU
2018-09-20T09:30:00-06:00 Denver,1945.9870250703127 kBTU
2018-09-20T09:45:00-06:00 Denver,1839.3575990390625 kBTU
2018-09-20T10:00:00-06:00 Denver,1866.014955546875 kBTU
2018-09-20T10:15:00-06:00 Denver,1812.7002425312498 kBTU
2018-09-20T10:30:00-06:00 Denver,1919.3296685625 kBTU
2018-09-20T10:45:00-06:00 Denver,2105.9311641171876 kBTU
2018-09-20T11:00:00-06:00 Denver,1972.644381578125 kBTU
2018-09-20T11:15:00-06:00 Denver,1866.014955546875 kBTU
2018-09-20T11:30:00-06:00 Denver,1839.3575990390625 kBTU
2018-09-20T11:45:00-06:00 Denver,1839.3575990390625 kBTU
2018-09-20T12:00:00-06:00 Denver,2612.420937765625 kBTU
2018-09-20T12:15:00-06:00 Denver,1919.3296685625 kBTU
2018-09-20T12:30:00-06:00 Denver,1839.3575990390625 kBTU
2018-09-20T12:45:00-06:00 Denver,2692.3930072890626 kBTU
2018-09-20T13:00:00-06:00 Denver,1919.3296685625 kBTU
2018-09-20T13:15:00-06:00 Denver,2319.1900161796875 kBTU
2018-09-20T13:30:00-06:00 Denver,2665.73565078125 kBTU
2018-09-20T13:45:00-06:00 Denver,1839.3575990390625 kBTU
2018-09-20T14:00:00-06:00 Denver,2825.679789828125 kBTU
2018-09-20T14:15:00-06:00 Denver,1839.3575990390625 kBTU
2018-09-20T14:30:00-06:00 Denver,2878.99450284375 kBTU
2018-09-20T14:45:00-06:00 Denver,1972.644381578125 kBTU
2018-09-20T15:00:00-06:00 Denver,2905.6518593515625 kBTU
2018-09-20T15:15:00-06:00 Denver,1866.014955546875 kBTU
2018-09-20T15:30:00-06:00 Denver,3598.7431285546877 kBTU
2018-09-20T15:45:00-06:00 Denver,2319.1900161796875 kBTU
2018-09-20T16:00:00-06:00 Denver,2425.8194422109373 kBTU
2018-09-20T16:15:00-06:00 Denver,2132.588520625 kBTU
2018-09-20T16:30:00-06:00 Denver,2772.3650768125003 kBTU
2018-09-20T16:45:00-06:00 Denver,2932.309215859375 kBTU
2018-09-20T17:00:00-06:00 Denver,2105.9311641171876 kBTU
2018-09-20T17:15:00-06:00 Denver,3518.7710590312504 kBTU
2018-09-20T17:30:00-06:00 Denver,2159.2458771328124 kBTU
2018-09-20T17:45:00-06:00 Denver,2612.420937765625 kBTU
2018-09-20T18:00:00-06:00 Denver,2052.6164511015622 kBTU
2018-09-20T18:15:00-06:00 Denver,2932.309215859375 kBTU
2018-09-20T18:30:00-06:00 Denver,2665.73565078125 kBTU
2018-09-20T18:45:00-06:00 Denver,1892.6723120546876 kBTU
2018-09-20T19:00:00-06:00 Denver,1892.6723120546876 kBTU
2018-09-20T19:15:00-06:00 Denver,1892.6723120546876 kBTU
2018-09-20T19:30:00-06:00 Denver,1786.0428860234376 kBTU
2018-09-20T19:45:00-06:00 Denver,1999.3017380859376 kBTU
2018-09-20T20:00:00-06:00 Denver,1812.7002425312498 kBTU
2018-09-20T20:15:00-06:00 Denver,1866.014955546875 kBTU
2018-09-20T20:30:00-06:00 Denver,479.832417140625 kBTU
2018-09-20T20:45:00-06:00 Denver,213.2588520625 kBTU
2018-09-20T21:00:00-06:00 Denver,213.2588520625 kBTU
2018-09-20T21:15:00-06:00 Denver,293.2309215859375 kBTU
2018-09-20T21:30:00-06:00 Denver,159.944139046875 kBTU
2018-09-20T21:45:00-06:00 Denver,186.6014955546875 kBTU
2018-09-20T22:00:00-06:00 Denver,133.2867825390625 kBTU
2018-09-20T22:15:00-06:00 Denver,159.944139046875 kBTU
2018-09-20T22:30:00-06:00 Denver,266.573565078125 kBTU
2018-09-20T22:45:00-06:00 Denver,213.2588520625 kBTU
2018-09-20T23:00:00-06:00 Denver,346.54563460156254 kBTU
2018-09-20T23:15:00-06:00 Denver,186.6014955546875 kBTU
2018-09-20T23:30:00-06:00 Denver,186.6014955546875 kBTU
2018-09-20T23:45:00-06:00 Denver,266.573565078125 kBTU
2018-09-21T00:00:00-06:00 Denver,159.944139046875 kBTU
2018-09-21T00:15:00-06:00 Denver,159.944139046875 kBTU
2018-09-21T00:30:00-06:00 Denver,159.944139046875 kBTU
2018-09-21T00:45:00-06:00 Denver,159.944139046875 kBTU
2018-09-21T01:00:00-06:00 Denver,293.2309215859375 kBTU
2018-09-21T01:15:00-06:00 Denver,293.2309215859375 kBTU
2018-09-21T01:30:00-06:00 Denver,1599.4413904687501 kBTU
2018-09-21T01:45:00-06:00 Denver,1466.1546079296875 kBTU
2018-09-21T02:00:00-06:00 Denver,293.2309215859375 kBTU
2018-09-21T02:15:00-06:00 Denver,159.944139046875 kBTU
2018-09-21T02:30:00-06:00 Denver,159.944139046875 kBTU
2018-09-21T02:45:00-06:00 Denver,159.944139046875 kBTU
2018-09-21T03:00:00-06:00 Denver,159.944139046875 kBTU
2018-09-21T03:15:00-06:00 Denver,293.2309215859375 kBTU
2018-09-21T03:30:00-06:00 Denver,239.9162085703125 kBTU
2018-09-21T03:45:00-06:00 Denver,293.2309215859375 kBTU
2018-09-21T04:00:00-06:00 Denver,239.9162085703125 kBTU
2018-09-21T04:15:00-06:00 Denver,159.944139046875 kBTU
2018-09-21T04:30:00-06:00 Denver,266.573565078125 kBTU
2018-09-21T04:45:00-06:00 Denver,186.6014955546875 kBTU
2018-09-21T05:00:00-06:00 Denver,159.944139046875 kBTU
2018-09-21T05:15:00-06:00 Denver,133.2867825390625 kBTU
2018-09-21T05:30:00-06:00 Denver,239.9162085703125 kBTU
2018-09-21T05:45:00-06:00 Denver,319.88827809375 kBTU
2018-09-21T06:00:00-06:00 Denver,159.944139046875 kBTU
2018-09-21T06:15:00-06:00 Denver,239.9162085703125 kBTU
2018-09-21T06:30:00-06:00 Denver,239.9162085703125 kBTU
2018-09-21T06:45:00-06:00 Denver,159.944139046875 kBTU
2018-09-21T07:00:00-06:00 Denver,293.2309215859375 kBTU
2018-09-21T07:15:00-06:00 Denver,133.2867825390625 kBTU
2018-09-21T07:30:00-06:00 Denver,1759.3855295156252 kBTU
2018-09-21T07:45:00-06:00 Denver,1999.3017380859376 kBTU
2018-09-21T08:00:00-06:00 Denver,1866.014955546875 kBTU
2018-09-21T08:15:00-06:00 Denver,1866.014955546875 kBTU
2018-09-21T08:30:00-06:00 Denver,1919.3296685625 kBTU
2018-09-21T08:45:00-06:00 Denver,1945.9870250703127 kBTU
2018-09-21T09:00:00-06:00 Denver,1919.3296685625 kBTU
2018-09-21T09:15:00-06:00 Denver,1839.3575990390625 kBTU
2018-09-21T09:30:00-06:00 Denver,1945.9870250703127 kBTU
2018-09-21T09:45:00-06:00 Denver,1945.9870250703127 kBTU
2018-09-21T10:00:00-06:00 Denver,1892.6723120546876 kBTU
2018-09-21T10:15:00-06:00 Denver,2132.588520625 kBTU
2018-09-21T10:30:00-06:00 Denver,2052.6164511015622 kBTU
2018-09-21T10:45:00-06:00 Denver,2372.504729195313 kBTU
2018-09-21T11:00:00-06:00 Denver,2772.3650768125003 kBTU
2018-09-21T11:15:00-06:00 Denver,2612.420937765625 kBTU
2018-09-21T11:30:00-06:00 Denver,2399.162085703125 kBTU
2018-09-21T11:45:00-06:00 Denver,2852.3371463359376 kBTU
2018-09-21T12:00:00-06:00 Denver,2639.0782942734377 kBTU
2018-09-21T12:15:00-06:00 Denver,2692.3930072890626 kBTU
2018-09-21T12:30:00-06:00 Denver,3891.9740501406254 kBTU
2018-09-21T12:45:00-06:00 Denver,2665.73565078125 kBTU
2018-09-21T13:00:00-06:00 Denver,3785.344624109375 kBTU
2018-09-21T13:15:00-06:00 Denver,2665.73565078125 kBTU
2018-09-21T13:30:00-06:00 Denver,4558.407962835938 kBTU
2018-09-21T13:45:00-06:00 Denver,2878.99450284375 kBTU
2018-09-21T14:00:00-06:00 Denver,3918.6314066484374 kBTU
2018-09-21T14:15:00-06:00 Denver,3012.2812853828127 kBTU
2018-09-21T14:30:00-06:00 Denver,4531.750606328125 kBTU
2018-09-21T14:45:00-06:00 Denver,3038.938641890625 kBTU
2018-09-21T15:00:00-06:00 Denver,8183.808447898437 kBTU
2018-09-21T15:15:00-06:00 Denver,3438.798989507812 kBTU
2018-09-21T15:30:00-06:00 Denver,5784.646362195313 kBTU
2018-09-21T15:45:00-06:00 Denver,4131.890258710938 kBTU
2018-09-21T16:00:00-06:00 Denver,5011.58302346875 kBTU
2018-09-21T16:15:00-06:00 Denver,4904.9535974375 kBTU
2018-09-21T16:30:00-06:00 Denver,4425.121180296875 kBTU
2018-09-21T16:45:00-06:00 Denver,4718.352101882812 kBTU
2018-09-21T17:00:00-06:00 Denver,4398.463823789062 kBTU
2018-09-21T17:15:00-06:00 Denver,5811.303718703125 kBTU
2018-09-21T17:30:00-06:00 Denver,4265.17704125 kBTU
2018-09-21T17:45:00-06:00 Denver,5704.674292671875 kBTU
2018-09-21T18:00:00-06:00 Denver,3732.02991109375 kBTU
2018-09-21T18:15:00-06:00 Denver,5118.2124495 kBTU
2018-09-21T18:30:00-06:00 Denver,4398.463823789062 kBTU
2018-09-21T18:45:00-06:00 Denver,7064.199474570312 kBTU
2018-09-21T19:00:00-06:00 Denver,3598.7431285546877 kBTU
2018-09-21T19:15:00-06:00 Denver,4051.9181891875 kBTU
2018-09-21T19:30:00-06:00 Denver,4211.862328234375 kBTU
2018-09-21T19:45:00-06:00 Denver,3198.8827809375002 kBTU
2018-09-21T20:00:00-06:00 Denver,2852.3371463359376 kBTU
2018-09-21T20:15:00-06:00 Denver,3865.3166936328125 kBTU
2018-09-21T20:30:00-06:00 Denver,1306.2104688828124 kBTU
2018-09-21T20:45:00-06:00 Denver,1146.2663298359375 kBTU
2018-09-21T21:00:00-06:00 Denver,586.461843171875 kBTU
2018-09-21T21:15:00-06:00 Denver,266.573565078125 kBTU
2018-09-21T21:30:00-06:00 Denver,239.9162085703125 kBTU
2018-09-21T21:45:00-06:00 Denver,266.573565078125 kBTU
2018-09-21T22:00:00-06:00 Denver,213.2588520625 kBTU
2018-09-21T22:15:00-06:00 Denver,266.573565078125 kBTU
2018-09-21T22:30:00-06:00 Denver,239.9162085703125 kBTU
2018-09-21T22:45:00-06:00 Denver,186.6014955546875 kBTU
2018-09-21T23:00:00-06:00 Denver,266.573565078125 kBTU
2018-09-21T23:15:00-06:00 Denver,266.573565078125 kBTU
2018-09-21T23:30:00-06:00 Denver,373.202991109375 kBTU
2018-09-21T23:45:00-06:00 Denver,293.2309215859375 kBTU
2018-09-22T00:00:00-06:00 Denver,213.2588520625 kBTU
2018-09-22T00:15:00-06:00 Denver,213.2588520625 kBTU
2018-09-22T00:30:00-06:00 Denver,186.6014955546875 kBTU
2018-09-22T00:45:00-06:00 Denver,319.88827809375 kBTU
2018-09-22T01:00:00-06:00 Denver,213.2588520625 kBTU
2018-09-22T01:15:00-06:00 Denver,213.2588520625 kBTU
2018-09-22T01:30:00-06:00 Denver,266.573565078125 kBTU
2018-09-22T01:45:00-06:00 Denver,373.202991109375 kBTU
2018-09-22T02:00:00-06:00 Denver,373.202991109375 kBTU
2018-09-22T02:15:00-06:00 Denver,213.2588520625 kBTU
2018-09-22T02:30:00-06:00 Denver,186.6014955546875 kBTU
2018-09-22T02:45:00-06:00 Denver,213.2588520625 kBTU
2018-09-22T03:00:00-06:00 Denver,213.2588520625 kBTU
2018-09-22T03:15:00-06:00 Denver,293.2309215859375 kBTU
2018-09-22T03:30:00-06:00 Denver,213.2588520625 kBTU
2018-09-22T03:45:00-06:00 Denver,266.573565078125 kBTU
2018-09-22T04:00:00-06:00 Denver,346.54563460156254 kBTU
2018-09-22T04:15:00-06:00 Denver,319.88827809375 kBTU
2018-09-22T04:30:00-06:00 Denver,266.573565078125 kBTU
2018-09-22T04:45:00-06:00 Denver,239.9162085703125 kBTU
2018-09-22T05:00:00-06:00 Denver,186.6014955546875 kBTU
2018-09-22T05:15:00-06:00 Denver,213.2588520625 kBTU
2018-09-22T05:30:00-06:00 Denver,213.2588520625 kBTU
2018-09-22T05:45:00-06:00 Denver,346.54563460156254 kBTU
2018-09-22T06:00:00-06:00 Denver,266.573565078125 kBTU
2018-09-22T06:15:00-06:00 Denver,239.9162085703125 kBTU
2018-09-22T06:30:00-06:00 Denver,346.54563460156254 kBTU
2018-09-22T06:45:00-06:00 Denver,239.9162085703125 kBTU
2018-09-22T07:00:00-06:00 Denver,319.88827809375 kBTU
2018-09-22T07:15:00-06:00 Denver,213.2588520625 kBTU
2018-09-22T07:30:00-06:00 Denver,213.2588520625 kBTU
2018-09-22T07:45:00-06:00 Denver,186.6014955546875 kBTU
2018-09-22T08:00:00-06:00 Denver,239.9162085703125 kBTU
2018-09-22T08:15:00-06:00 Denver,239.9162085703125 kBTU
2018-09-22T08:30:00-06:00 Denver,346.54563460156254 kBTU
2018-09-22T08:45:00-06:00 Denver,239.9162085703125 kBTU
2018-09-22T09:00:00-06:00 Denver,319.88827809375 kBTU
2018-09-22T09:15:00-06:00 Denver,239.9162085703125 kBTU
2018-09-22T09:30:00-06:00 Denver,186.6014955546875 kBTU
2018-09-22T09:45:00-06:00 Denver,319.88827809375 kBTU
2018-09-22T10:00:00-06:00 Denver,186.6014955546875 kBTU
2018-09-22T10:15:00-06:00 Denver,293.2309215859375 kBTU
2018-09-22T10:30:00-06:00 Denver,186.6014955546875 kBTU
2018-09-22T10:45:00-06:00 Denver,213.2588520625 kBTU
2018-09-22T11:00:00-06:00 Denver,319.88827809375 kBTU
2018-09-22T11:15:00-06:00 Denver,293.2309215859375 kBTU
2018-09-22T11:30:00-06:00 Denver,266.573565078125 kBTU
2018-09-22T11:45:00-06:00 Denver,239.9162085703125 kBTU
2018-09-22T12:00:00-06:00 Denver,2559.10622475 kBTU
2018-09-22T12:15:00-06:00 Denver,746.40598221875 kBTU
2018-09-22T12:30:00-06:00 Denver,293.2309215859375 kBTU
2018-09-22T12:45:00-06:00 Denver,159.944139046875 kBTU
2018-09-22T13:00:00-06:00 Denver,213.2588520625 kBTU
2018-09-22T13:15:00-06:00 Denver,186.6014955546875 kBTU
2018-09-22T13:30:00-06:00 Denver,239.9162085703125 kBTU
2018-09-22T13:45:00-06:00 Denver,399.86034761718753 kBTU
2018-09-22T14:00:00-06:00 Denver,293.2309215859375 kBTU
2018-09-22T14:15:00-06:00 Denver,213.2588520625 kBTU
2018-09-22T14:30:00-06:00 Denver,266.573565078125 kBTU
2018-09-22T14:45:00-06:00 Denver,213.2588520625 kBTU
2018-09-22T15:00:00-06:00 Denver,293.2309215859375 kBTU
2018-09-22T15:15:00-06:00 Denver,213.2588520625 kBTU
2018-09-22T15:30:00-06:00 Denver,213.2588520625 kBTU
2018-09-22T15:45:00-06:00 Denver,186.6014955546875 kBTU
2018-09-22T16:00:00-06:00 Denver,213.2588520625 kBTU
2018-09-22T16:15:00-06:00 Denver,399.86034761718753 kBTU
2018-09-22T16:30:00-06:00 Denver,373.202991109375 kBTU
2018-09-22T16:45:00-06:00 Denver,213.2588520625 kBTU
2018-09-22T17:00:00-06:00 Denver,213.2588520625 kBTU
2018-09-22T17:15:00-06:00 Denver,186.6014955546875 kBTU
2018-09-22T17:30:00-06:00 Denver,213.2588520625 kBTU
2018-09-22T17:45:00-06:00 Denver,319.88827809375 kBTU
2018-09-22T18:00:00-06:00 Denver,186.6014955546875 kBTU
2018-09-22T18:15:00-06:00 Denver,213.2588520625 kBTU
2018-09-22T18:30:00-06:00 Denver,293.2309215859375 kBTU
2018-09-22T18:45:00-06:00 Denver,399.86034761718753 kBTU
2018-09-22T19:00:00-06:00 Denver,373.202991109375 kBTU
2018-09-22T19:15:00-06:00 Denver,186.6014955546875 kBTU
2018-09-22T19:30:00-06:00 Denver,213.2588520625 kBTU
2018-09-22T19:45:00-06:00 Denver,213.2588520625 kBTU
2018-09-22T20:00:00-06:00 Denver,186.6014955546875 kBTU
2018-09-22T20:15:00-06:00 Denver,213.2588520625 kBTU
2018-09-22T20:30:00-06:00 Denver,346.54563460156254 kBTU
2018-09-22T20:45:00-06:00 Denver,159.944139046875 kBTU
2018-09-22T21:00:00-06:00 Denver,266.573565078125 kBTU
2018-09-22T21:15:00-06:00 Denver,319.88827809375 kBTU
2018-09-22T21:30:00-06:00 Denver,293.2309215859375 kBTU
2018-09-22T21:45:00-06:00 Denver,346.54563460156254 kBTU
2018-09-22T22:00:00-06:00 Denver,213.2588520625 kBTU
2018-09-22T22:15:00-06:00 Denver,213.2588520625 kBTU
2018-09-22T22:30:00-06:00 Denver,186.6014955546875 kBTU
2018-09-22T22:45:00-06:00 Denver,186.6014955546875 kBTU
2018-09-22T23:00:00-06:00 Denver,293.2309215859375 kBTU
2018-09-22T23:15:00-06:00 Denver,213.2588520625 kBTU
2018-09-22T23:30:00-06:00 Denver,293.2309215859375 kBTU
2018-09-22T23:45:00-06:00 Denver,346.54563460156254 kBTU
2018-09-23T00:00:00-06:00 Denver,239.9162085703125 kBTU
2018-09-23T00:15:00-06:00 Denver,346.54563460156254 kBTU
2018-09-23T00:30:00-06:00 Denver,213.2588520625 kBTU
2018-09-23T00:45:00-06:00 Denver,186.6014955546875 kBTU
2018-09-23T01:00:00-06:00 Denver,186.6014955546875 kBTU
2018-09-23T01:15:00-06:00 Denver,239.9162085703125 kBTU
2018-09-23T01:30:00-06:00 Denver,293.2309215859375 kBTU
2018-09-23T01:45:00-06:00 Denver,266.573565078125 kBTU
2018-09-23T02:00:00-06:00 Denver,346.54563460156254 kBTU
2018-09-23T02:15:00-06:00 Denver,293.2309215859375 kBTU
2018-09-23T02:30:00-06:00 Denver,186.6014955546875 kBTU
2018-09-23T02:45:00-06:00 Denver,346.54563460156254 kBTU
2018-09-23T03:00:00-06:00 Denver,213.2588520625 kBTU
2018-09-23T03:15:00-06:00 Denver,186.6014955546875 kBTU
2018-09-23T03:30:00-06:00 Denver,213.2588520625 kBTU
2018-09-23T03:45:00-06:00 Denver,213.2588520625 kBTU
2018-09-23T04:00:00-06:00 Denver,399.86034761718753 kBTU
2018-09-23T04:15:00-06:00 Denver,239.9162085703125 kBTU
2018-09-23T04:30:00-06:00 Denver,319.88827809375 kBTU
2018-09-23T04:45:00-06:00 Denver,266.573565078125 kBTU
2018-09-23T05:00:00-06:00 Denver,186.6014955546875 kBTU
2018-09-23T05:15:00-06:00 Denver,319.88827809375 kBTU
2018-09-23T05:30:00-06:00 Denver,213.2588520625 kBTU
2018-09-23T05:45:00-06:00 Denver,186.6014955546875 kBTU
2018-09-23T06:00:00-06:00 Denver,293.2309215859375 kBTU
2018-09-23T06:15:00-06:00 Denver,239.9162085703125 kBTU
2018-09-23T06:30:00-06:00 Denver,186.6014955546875 kBTU
2018-09-23T06:45:00-06:00 Denver,373.202991109375 kBTU
2018-09-23T07:00:00-06:00 Denver,319.88827809375 kBTU
2018-09-23T07:15:00-06:00 Denver,239.9162085703125 kBTU
2018-09-23T07:30:00-06:00 Denver,186.6014955546875 kBTU
2018-09-23T07:45:00-06:00 Denver,213.2588520625 kBTU
2018-09-23T08:00:00-06:00 Denver,319.88827809375 kBTU
2018-09-23T08:15:00-06:00 Denver,239.9162085703125 kBTU
2018-09-23T08:30:00-06:00 Denver,266.573565078125 kBTU
2018-09-23T08:45:00-06:00 Denver,213.2588520625 kBTU
2018-09-23T09:00:00-06:00 Denver,186.6014955546875 kBTU
2018-09-23T09:15:00-06:00 Denver,426.517704125 kBTU
2018-09-23T09:30:00-06:00 Denver,293.2309215859375 kBTU
2018-09-23T09:45:00-06:00 Denver,3305.51220696875 kBTU
2018-09-23T10:00:00-06:00 Denver,213.2588520625 kBTU
2018-09-23T10:15:00-06:00 Denver,213.2588520625 kBTU
2018-09-23T10:30:00-06:00 Denver,186.6014955546875 kBTU
2018-09-23T10:45:00-06:00 Denver,426.517704125 kBTU
2018-09-23T11:00:00-06:00 Denver,186.6014955546875 kBTU
2018-09-23T11:15:00-06:00 Denver,213.2588520625 kBTU
2018-09-23T11:30:00-06:00 Denver,213.2588520625 kBTU
2018-09-23T11:45:00-06:00 Denver,293.2309215859375 kBTU
2018-09-23T12:00:00-06:00 Denver,373.202991109375 kBTU
2018-09-23T12:15:00-06:00 Denver,213.2588520625 kBTU
2018-09-23T12:30:00-06:00 Denver,213.2588520625 kBTU
2018-09-23T12:45:00-06:00 Denver,239.9162085703125 kBTU
2018-09-23T13:00:00-06:00 Denver,266.573565078125 kBTU
2018-09-23T13:15:00-06:00 Denver,213.2588520625 kBTU
2018-09-23T13:30:00-06:00 Denver,293.2309215859375 kBTU
2018-09-23T13:45:00-06:00 Denver,213.2588520625 kBTU
2018-09-23T14:00:00-06:00 Denver,239.9162085703125 kBTU
2018-09-23T14:15:00-06:00 Denver,293.2309215859375 kBTU
2018-09-23T14:30:00-06:00 Denver,319.88827809375 kBTU
2018-09-23T14:45:00-06:00 Denver,399.86034761718753 kBTU
2018-09-23T15:00:00-06:00 Denver,879.6927647578126 kBTU
2018-09-23T15:15:00-06:00 Denver,906.3501212656249 kBTU
2018-09-23T15:30:00-06:00 Denver,506.4897736484375 kBTU
2018-09-23T15:45:00-06:00 Denver,0.0 kBTU
2018-09-23T16:00:00-06:00 Denver,26.6573565078125 kBTU
2018-09-23T16:15:00-06:00 Denver,213.2588520625 kBTU
2018-09-23T16:30:00-06:00 Denver,266.573565078125 kBTU
2018-09-23T16:45:00-06:00 Denver,319.88827809375 kBTU
2018-09-23T17:00:00-06:00 Denver,239.9162085703125 kBTU
2018-09-23T17:15:00-06:00 Denver,373.202991109375 kBTU
2018-09-23T17:30:00-06:00 Denver,186.6014955546875 kBTU
2018-09-23T17:45:00-06:00 Denver,186.6014955546875 kBTU
2018-09-23T18:00:00-06:00 Denver,186.6014955546875 kBTU
2018-09-23T18:15:00-06:00 Denver,213.2588520625 kBTU
2018-09-23T18:30:00-06:00 Denver,319.88827809375 kBTU
2018-09-23T18:45:00-06:00 Denver,186.6014955546875 kBTU
2018-09-23T19:00:00-06:00 Denver,346.54563460156254 kBTU
2018-09-23T19:15:00-06:00 Denver,346.54563460156254 kBTU
2018-09-23T19:30:00-06:00 Denver,213.2588520625 kBTU
2018-09-23T19:45:00-06:00 Denver,266.573565078125 kBTU
2018-09-23T20:00:00-06:00 Denver,186.6014955546875 kBTU
2018-09-23T20:15:00-06:00 Denver,213.2588520625 kBTU
2018-09-23T20:30:00-06:00 Denver,213.2588520625 kBTU
2018-09-23T20:45:00-06:00 Denver,159.944139046875 kBTU
2018-09-23T21:00:00-06:00 Denver,213.2588520625 kBTU
2018-09-23T21:15:00-06:00 Denver,399.86034761718753 kBTU
2018-09-23T21:30:00-06:00 Denver,373.202991109375 kBTU
2018-09-23T21:45:00-06:00 Denver,239.9162085703125 kBTU
2018-09-23T22:00:00-06:00 Denver,186.6014955546875 kBTU
2018-09-23T22:15:00-06:00 Denver,186.6014955546875 kBTU
2018-09-23T22:30:00-06:00 Denver,319.88827809375 kBTU
2018-09-23T22:45:00-06:00 Denver,213.2588520625 kBTU
2018-09-23T23:00:00-06:00 Denver,186.6014955546875 kBTU
2018-09-23T23:15:00-06:00 Denver,213.2588520625 kBTU
2018-09-23T23:30:00-06:00 Denver,239.9162085703125 kBTU
2018-09-23T23:45:00-06:00 Denver,453.17506063281246 kBTU
2018-09-24T00:00:00-06:00 Denver,293.2309215859375 kBTU
2018-09-24T00:15:00-06:00 Denver,213.2588520625 kBTU
2018-09-24T00:30:00-06:00 Denver,186.6014955546875 kBTU
2018-09-24T00:45:00-06:00 Denver,213.2588520625 kBTU
2018-09-24T01:00:00-06:00 Denver,266.573565078125 kBTU
2018-09-24T01:15:00-06:00 Denver,239.9162085703125 kBTU
2018-09-24T01:30:00-06:00 Denver,239.9162085703125 kBTU
2018-09-24T01:45:00-06:00 Denver,239.9162085703125 kBTU
2018-09-24T02:00:00-06:00 Denver,239.9162085703125 kBTU
2018-09-24T02:15:00-06:00 Denver,319.88827809375 kBTU
2018-09-24T02:30:00-06:00 Denver,399.86034761718753 kBTU
2018-09-24T02:45:00-06:00 Denver,159.944139046875 kBTU
2018-09-24T03:00:00-06:00 Denver,213.2588520625 kBTU
2018-09-24T03:15:00-06:00 Denver,213.2588520625 kBTU
2018-09-24T03:30:00-06:00 Denver,213.2588520625 kBTU
2018-09-24T03:45:00-06:00 Denver,373.202991109375 kBTU
2018-09-24T04:00:00-06:00 Denver,239.9162085703125 kBTU
2018-09-24T04:15:00-06:00 Denver,186.6014955546875 kBTU
2018-09-24T04:30:00-06:00 Denver,266.573565078125 kBTU
2018-09-24T04:45:00-06:00 Denver,319.88827809375 kBTU
2018-09-24T05:00:00-06:00 Denver,346.54563460156254 kBTU
2018-09-24T05:15:00-06:00 Denver,186.6014955546875 kBTU
2018-09-24T05:30:00-06:00 Denver,213.2588520625 kBTU
2018-09-24T05:45:00-06:00 Denver,213.2588520625 kBTU
2018-09-24T06:00:00-06:00 Denver,239.9162085703125 kBTU
2018-09-24T06:15:00-06:00 Denver,239.9162085703125 kBTU
2018-09-24T06:30:00-06:00 Denver,1759.3855295156252 kBTU
2018-09-24T06:45:00-06:00 Denver,3945.28876315625 kBTU
2018-09-24T07:00:00-06:00 Denver,26.6573565078125 kBTU
2018-09-24T07:15:00-06:00 Denver,26.6573565078125 kBTU
2018-09-24T07:30:00-06:00 Denver,1706.0708165 kBTU
2018-09-24T07:45:00-06:00 Denver,2025.95909459375 kBTU
2018-09-24T08:00:00-06:00 Denver,1839.3575990390625 kBTU
2018-09-24T08:15:00-06:00 Denver,4158.54761521875 kBTU
2018-09-24T08:30:00-06:00 Denver,1759.3855295156252 kBTU
2018-09-24T08:45:00-06:00 Denver,1332.867825390625 kBTU
2018-09-24T09:00:00-06:00 Denver,1892.6723120546876 kBTU
2018-09-24T09:15:00-06:00 Denver,1759.3855295156252 kBTU
2018-09-24T09:30:00-06:00 Denver,1945.9870250703127 kBTU
2018-09-24T09:45:00-06:00 Denver,1919.3296685625 kBTU
2018-09-24T10:00:00-06:00 Denver,1786.0428860234376 kBTU
2018-09-24T10:15:00-06:00 Denver,1892.6723120546876 kBTU
2018-09-24T10:30:00-06:00 Denver,1919.3296685625 kBTU
2018-09-24T10:45:00-06:00 Denver,1919.3296685625 kBTU
2018-09-24T11:00:00-06:00 Denver,2212.5605901484373 kBTU
2018-09-24T11:15:00-06:00 Denver,2479.1341552265626 kBTU
2018-09-24T11:30:00-06:00 Denver,2905.6518593515625 kBTU
2018-09-24T11:45:00-06:00 Denver,2719.050363796875 kBTU
2018-09-24T12:00:00-06:00 Denver,2852.3371463359376 kBTU
2018-09-24T12:15:00-06:00 Denver,2745.7077203046874 kBTU
2018-09-24T12:30:00-06:00 Denver,3358.826919984375 kBTU
2018-09-24T12:45:00-06:00 Denver,2825.679789828125 kBTU
2018-09-24T13:00:00-06:00 Denver,2692.3930072890626 kBTU
2018-09-24T13:15:00-06:00 Denver,2665.73565078125 kBTU
2018-09-24T13:30:00-06:00 Denver,2692.3930072890626 kBTU
2018-09-24T13:45:00-06:00 Denver,2799.0224333203123 kBTU
2018-09-24T14:00:00-06:00 Denver,6211.1640663203125 kBTU
2018-09-24T14:15:00-06:00 Denver,3732.02991109375 kBTU
2018-09-24T14:30:00-06:00 Denver,3225.5401374453127 kBTU
2018-09-24T14:45:00-06:00 Denver,3891.9740501406254 kBTU
2018-09-24T15:00:00-06:00 Denver,3652.0578415703126 kBTU
2018-09-24T15:15:00-06:00 Denver,6717.65383996875 kBTU
2018-09-24T15:30:00-06:00 Denver,3732.02991109375 kBTU
2018-09-24T15:45:00-06:00 Denver,3812.001980617187 kBTU
2018-09-24T16:00:00-06:00 Denver,2825.679789828125 kBTU
2018-09-24T16:15:00-06:00 Denver,2852.3371463359376 kBTU
2018-09-24T16:30:00-06:00 Denver,4665.0373888671875 kBTU
2018-09-24T16:45:00-06:00 Denver,3038.938641890625 kBTU
2018-09-24T17:00:00-06:00 Denver,2825.679789828125 kBTU
2018-09-24T17:15:00-06:00 Denver,2212.5605901484373 kBTU
2018-09-24T17:30:00-06:00 Denver,3118.9107114140625 kBTU
2018-09-24T17:45:00-06:00 Denver,2212.5605901484373 kBTU
2018-09-24T18:00:00-06:00 Denver,1999.3017380859376 kBTU
2018-09-24T18:15:00-06:00 Denver,1945.9870250703127 kBTU
2018-09-24T18:30:00-06:00 Denver,1892.6723120546876 kBTU
2018-09-24T18:45:00-06:00 Denver,1892.6723120546876 kBTU
2018-09-24T19:00:00-06:00 Denver,2052.6164511015622 kBTU
2018-09-24T19:15:00-06:00 Denver,2079.273807609375 kBTU
2018-09-24T19:30:00-06:00 Denver,2079.273807609375 kBTU
2018-09-24T19:45:00-06:00 Denver,1892.6723120546876 kBTU
2018-09-24T20:00:00-06:00 Denver,1919.3296685625 kBTU
2018-09-24T20:15:00-06:00 Denver,1866.014955546875 kBTU
2018-09-24T20:30:00-06:00 Denver,453.17506063281246 kBTU
2018-09-24T20:45:00-06:00 Denver,319.88827809375 kBTU
2018-09-24T21:00:00-06:00 Denver,213.2588520625 kBTU
2018-09-24T21:15:00-06:00 Denver,213.2588520625 kBTU
2018-09-24T21:30:00-06:00 Denver,239.9162085703125 kBTU
2018-09-24T21:45:00-06:00 Denver,373.202991109375 kBTU
2018-09-24T22:00:00-06:00 Denver,399.86034761718753 kBTU
2018-09-24T22:15:00-06:00 Denver,213.2588520625 kBTU
2018-09-24T22:30:00-06:00 Denver,239.9162085703125 kBTU
2018-09-24T22:45:00-06:00 Denver,186.6014955546875 kBTU
2018-09-24T23:00:00-06:00 Denver,213.2588520625 kBTU
2018-09-24T23:15:00-06:00 Denver,1039.6369038046876 kBTU
2018-09-24T23:30:00-06:00 Denver,1466.1546079296875 kBTU
2018-09-24T23:45:00-06:00 Denver,186.6014955546875 kBTU
2018-09-25T00:00:00-06:00 Denver,266.573565078125 kBTU
2018-09-25T00:15:00-06:00 Denver,426.517704125 kBTU
2018-09-25T00:30:00-06:00 Denver,373.202991109375 kBTU
2018-09-25T00:45:00-06:00 Denver,213.2588520625 kBTU
2018-09-25T01:00:00-06:00 Denver,239.9162085703125 kBTU
2018-09-25T01:15:00-06:00 Denver,186.6014955546875 kBTU
2018-09-25T01:30:00-06:00 Denver,213.2588520625 kBTU
2018-09-25T01:45:00-06:00 Denver,293.2309215859375 kBTU
2018-09-25T02:00:00-06:00 Denver,239.9162085703125 kBTU
2018-09-25T02:15:00-06:00 Denver,213.2588520625 kBTU
2018-09-25T02:30:00-06:00 Denver,346.54563460156254 kBTU
2018-09-25T02:45:00-06:00 Denver,346.54563460156254 kBTU
2018-09-25T03:00:00-06:00 Denver,373.202991109375 kBTU
2018-09-25T03:15:00-06:00 Denver,186.6014955546875 kBTU
2018-09-25T03:30:00-06:00 Denver,213.2588520625 kBTU
2018-09-25T03:45:00-06:00 Denver,239.9162085703125 kBTU
2018-09-25T04:00:00-06:00 Denver,213.2588520625 kBTU
2018-09-25T04:15:00-06:00 Denver,293.2309215859375 kBTU
2018-09-25T04:30:00-06:00 Denver,239.9162085703125 kBTU
2018-09-25T04:45:00-06:00 Denver,266.573565078125 kBTU
2018-09-25T05:00:00-06:00 Denver,293.2309215859375 kBTU
2018-09-25T05:15:00-06:00 Denver,426.517704125 kBTU
2018-09-25T05:30:00-06:00 Denver,293.2309215859375 kBTU
2018-09-25T05:45:00-06:00 Denver,186.6014955546875 kBTU
2018-09-25T06:00:00-06:00 Denver,213.2588520625 kBTU
2018-09-25T06:15:00-06:00 Denver,213.2588520625 kBTU
2018-09-25T06:30:00-06:00 Denver,79.9720695234375 kBTU
2018-09-25T06:45:00-06:00 Denver,2052.6164511015622 kBTU
2018-09-25T07:00:00-06:00 Denver,213.2588520625 kBTU
2018-09-25T07:15:00-06:00 Denver,2185.9032336406253 kBTU
2018-09-25T07:30:00-06:00 Denver,1679.4134599921874 kBTU
2018-09-25T07:45:00-06:00 Denver,2025.95909459375 kBTU
2018-09-25T08:00:00-06:00 Denver,2132.588520625 kBTU
2018-09-25T08:15:00-06:00 Denver,1839.3575990390625 kBTU
2018-09-25T08:30:00-06:00 Denver,1839.3575990390625 kBTU
2018-09-25T08:45:00-06:00 Denver,1839.3575990390625 kBTU
2018-09-25T09:00:00-06:00 Denver,1786.0428860234376 kBTU
2018-09-25T09:15:00-06:00 Denver,2025.95909459375 kBTU
2018-09-25T09:30:00-06:00 Denver,1866.014955546875 kBTU
2018-09-25T09:45:00-06:00 Denver,1786.0428860234376 kBTU
2018-09-25T10:00:00-06:00 Denver,2132.588520625 kBTU
2018-09-25T10:15:00-06:00 Denver,2239.2179466562498 kBTU
2018-09-25T10:30:00-06:00 Denver,2159.2458771328124 kBTU
2018-09-25T10:45:00-06:00 Denver,2239.2179466562498 kBTU
2018-09-25T11:00:00-06:00 Denver,2185.9032336406253 kBTU
2018-09-25T11:15:00-06:00 Denver,2239.2179466562498 kBTU
2018-09-25T11:30:00-06:00 Denver,2239.2179466562498 kBTU
2018-09-25T11:45:00-06:00 Denver,2399.162085703125 kBTU
2018-09-25T12:00:00-06:00 Denver,2239.2179466562498 kBTU
2018-09-25T12:15:00-06:00 Denver,2212.5605901484373 kBTU
2018-09-25T12:30:00-06:00 Denver,2425.8194422109373 kBTU
2018-09-25T12:45:00-06:00 Denver,2399.162085703125 kBTU
2018-09-25T13:00:00-06:00 Denver,2585.763581257813 kBTU
2018-09-25T13:15:00-06:00 Denver,2692.3930072890626 kBTU
2018-09-25T13:30:00-06:00 Denver,2985.623928875 kBTU
2018-09-25T13:45:00-06:00 Denver,2692.3930072890626 kBTU
2018-09-25T14:00:00-06:00 Denver,2745.7077203046874 kBTU
2018-09-25T14:15:00-06:00 Denver,2745.7077203046874 kBTU
2018-09-25T14:30:00-06:00 Denver,2799.0224333203123 kBTU
2018-09-25T14:45:00-06:00 Denver,3598.7431285546877 kBTU
2018-09-25T15:00:00-06:00 Denver,4345.149110773437 kBTU
2018-09-25T15:15:00-06:00 Denver,3065.5959983984376 kBTU
2018-09-25T15:30:00-06:00 Denver,2905.6518593515625 kBTU
2018-09-25T15:45:00-06:00 Denver,2905.6518593515625 kBTU
2018-09-25T16:00:00-06:00 Denver,1945.9870250703127 kBTU
2018-09-25T16:15:00-06:00 Denver,1866.014955546875 kBTU
2018-09-25T16:30:00-06:00 Denver,1919.3296685625 kBTU
2018-09-25T16:45:00-06:00 Denver,1866.014955546875 kBTU
2018-09-25T17:00:00-06:00 Denver,1892.6723120546876 kBTU
2018-09-25T17:15:00-06:00 Denver,2132.588520625 kBTU
2018-09-25T17:30:00-06:00 Denver,2025.95909459375 kBTU
2018-09-25T17:45:00-06:00 Denver,1972.644381578125 kBTU
2018-09-25T18:00:00-06:00 Denver,1866.014955546875 kBTU
2018-09-25T18:15:00-06:00 Denver,1892.6723120546876 kBTU
2018-09-25T18:30:00-06:00 Denver,2052.6164511015622 kBTU
2018-09-25T18:45:00-06:00 Denver,1866.014955546875 kBTU
2018-09-25T19:00:00-06:00 Denver,1945.9870250703127 kBTU
2018-09-25T19:15:00-06:00 Denver,1945.9870250703127 kBTU
2018-09-25T19:30:00-06:00 Denver,1919.3296685625 kBTU
2018-09-25T19:45:00-06:00 Denver,2825.679789828125 kBTU
2018-09-25T20:00:00-06:00 Denver,1999.3017380859376 kBTU
2018-09-25T20:15:00-06:00 Denver,1919.3296685625 kBTU
2018-09-25T20:30:00-06:00 Denver,399.86034761718753 kBTU
2018-09-25T20:45:00-06:00 Denver,213.2588520625 kBTU
2018-09-25T21:00:00-06:00 Denver,213.2588520625 kBTU
2018-09-25T21:15:00-06:00 Denver,399.86034761718753 kBTU
2018-09-25T21:30:00-06:00 Denver,239.9162085703125 kBTU
2018-09-25T21:45:00-06:00 Denver,213.2588520625 kBTU
2018-09-25T22:00:00-06:00 Denver,186.6014955546875 kBTU
2018-09-25T22:15:00-06:00 Denver,319.88827809375 kBTU
2018-09-25T22:30:00-06:00 Denver,399.86034761718753 kBTU
2018-09-25T22:45:01-06:00 Denver,213.2588520625 kBTU
2018-09-25T23:00:00-06:00 Denver,213.2588520625 kBTU
2018-09-25T23:15:00-06:00 Denver,186.6014955546875 kBTU
2018-09-25T23:30:00-06:00 Denver,319.88827809375 kBTU
2018-09-25T23:45:00-06:00 Denver,293.2309215859375 kBTU
2018-09-26T00:00:00-06:00 Denver,239.9162085703125 kBTU
2018-09-26T00:15:00-06:00 Denver,213.2588520625 kBTU
2018-09-26T00:30:00-06:00 Denver,213.2588520625 kBTU
2018-09-26T00:45:00-06:00 Denver,293.2309215859375 kBTU
2018-09-26T01:00:00-06:00 Denver,426.517704125 kBTU
2018-09-26T01:15:00-06:00 Denver,186.6014955546875 kBTU
2018-09-26T01:30:00-06:00 Denver,239.9162085703125 kBTU
2018-09-26T01:45:00-06:00 Denver,266.573565078125 kBTU
2018-09-26T02:00:00-06:00 Denver,213.2588520625 kBTU
2018-09-26T02:15:00-06:00 Denver,346.54563460156254 kBTU
2018-09-26T02:30:00-06:00 Denver,213.2588520625 kBTU
2018-09-26T02:45:00-06:00 Denver,186.6014955546875 kBTU
2018-09-26T03:00:00-06:00 Denver,213.2588520625 kBTU
2018-09-26T03:15:00-06:00 Denver,346.54563460156254 kBTU
2018-09-26T03:30:00-06:00 Denver,399.86034761718753 kBTU
2018-09-26T03:45:00-06:00 Denver,239.9162085703125 kBTU
2018-09-26T04:00:00-06:00 Denver,266.573565078125 kBTU
2018-09-26T04:15:00-06:00 Denver,213.2588520625 kBTU
2018-09-26T04:30:00-06:00 Denver,239.9162085703125 kBTU
2018-09-26T04:45:00-06:00 Denver,293.2309215859375 kBTU
2018-09-26T05:00:00-06:00 Denver,213.2588520625 kBTU
2018-09-26T05:15:00-06:00 Denver,213.2588520625 kBTU
2018-09-26T05:30:00-06:00 Denver,213.2588520625 kBTU
2018-09-26T05:45:00-06:00 Denver,319.88827809375 kBTU
2018-09-26T06:00:00-06:00 Denver,479.832417140625 kBTU
2018-09-26T06:15:00-06:00 Denver,239.9162085703125 kBTU
2018-09-26T06:30:00-06:00 Denver,266.573565078125 kBTU
2018-09-26T06:45:00-06:00 Denver,1279.553112375 kBTU
2018-09-26T07:00:00-06:00 Denver,26.6573565078125 kBTU
2018-09-26T07:15:00-06:00 Denver,213.2588520625 kBTU
2018-09-26T07:30:00-06:00 Denver,1706.0708165 kBTU
2018-09-26T07:45:00-06:00 Denver,1945.9870250703127 kBTU
2018-09-26T08:00:00-06:00 Denver,1892.6723120546876 kBTU
2018-09-26T08:15:00-06:00 Denver,1999.3017380859376 kBTU
2018-09-26T08:30:00-06:00 Denver,1972.644381578125 kBTU
2018-09-26T08:45:00-06:00 Denver,3385.4842764921877 kBTU
2018-09-26T09:00:00-06:00 Denver,2825.679789828125 kBTU
2018-09-26T09:15:00-06:00 Denver,1839.3575990390625 kBTU
2018-09-26T09:30:00-06:00 Denver,1919.3296685625 kBTU
2018-09-26T09:45:00-06:00 Denver,2639.0782942734377 kBTU
2018-09-26T10:00:00-06:00 Denver,2612.420937765625 kBTU
2018-09-26T10:15:00-06:00 Denver,2559.10622475 kBTU
2018-09-26T10:30:00-06:00 Denver,2612.420937765625 kBTU
2018-09-26T10:45:00-06:00 Denver,2772.3650768125003 kBTU
2018-09-26T11:00:00-06:00 Denver,2905.6518593515625 kBTU
2018-09-26T11:15:00-06:00 Denver,2692.3930072890626 kBTU
2018-09-26T11:30:00-06:00 Denver,2692.3930072890626 kBTU
2018-09-26T11:45:00-06:00 Denver,2692.3930072890626 kBTU
2018-09-26T12:00:00-06:00 Denver,2772.3650768125003 kBTU
2018-09-26T12:15:00-06:00 Denver,2825.679789828125 kBTU
2018-09-26T12:30:00-06:00 Denver,2772.3650768125003 kBTU
2018-09-26T12:45:00-06:00 Denver,2692.3930072890626 kBTU
2018-09-26T13:00:00-06:00 Denver,2825.679789828125 kBTU
2018-09-26T13:15:00-06:00 Denver,3065.5959983984376 kBTU
2018-09-26T13:30:00-06:00 Denver,2985.623928875 kBTU
2018-09-26T13:45:00-06:00 Denver,5278.156588546875 kBTU
2018-09-26T14:00:00-06:00 Denver,2692.3930072890626 kBTU
2018-09-26T14:15:00-06:00 Denver,2745.7077203046874 kBTU
2018-09-26T14:30:00-06:00 Denver,2852.3371463359376 kBTU
2018-09-26T14:45:00-06:00 Denver,2745.7077203046874 kBTU
2018-09-26T15:00:00-06:00 Denver,2745.7077203046874 kBTU
2018-09-26T15:15:00-06:00 Denver,2692.3930072890626 kBTU
2018-09-26T15:30:00-06:00 Denver,2932.309215859375 kBTU
2018-09-26T15:45:00-06:00 Denver,4745.009458390626 kBTU
2018-09-26T16:00:00-06:00 Denver,2159.2458771328124 kBTU
2018-09-26T16:15:00-06:00 Denver,2052.6164511015622 kBTU
2018-09-26T16:30:00-06:00 Denver,2132.588520625 kBTU
2018-09-26T16:45:00-06:00 Denver,2239.2179466562498 kBTU
2018-09-26T17:00:00-06:00 Denver,2025.95909459375 kBTU
2018-09-26T17:15:00-06:00 Denver,1892.6723120546876 kBTU
2018-09-26T17:30:00-06:00 Denver,1812.7002425312498 kBTU
2018-09-26T17:45:00-06:00 Denver,1866.014955546875 kBTU
2018-09-26T18:00:00-06:00 Denver,1972.644381578125 kBTU
2018-09-26T18:15:00-06:00 Denver,1945.9870250703127 kBTU
2018-09-26T18:30:00-06:00 Denver,1919.3296685625 kBTU
2018-09-26T18:45:00-06:00 Denver,1812.7002425312498 kBTU
2018-09-26T19:00:00-06:00 Denver,1839.3575990390625 kBTU
2018-09-26T19:15:00-06:00 Denver,1812.7002425312498 kBTU
2018-09-26T19:30:00-06:00 Denver,1892.6723120546876 kBTU
2018-09-26T19:45:00-06:00 Denver,1866.014955546875 kBTU
2018-09-26T20:00:00-06:00 Denver,2479.1341552265626 kBTU
2018-09-26T20:15:00-06:00 Denver,1945.9870250703127 kBTU
2018-09-26T20:30:00-06:00 Denver,533.14713015625 kBTU
2018-09-26T20:45:00-06:00 Denver,239.9162085703125 kBTU
2018-09-26T21:00:00-06:00 Denver,106.62942603125 kBTU
2018-09-26T21:15:00-06:00 Denver,133.2867825390625 kBTU
2018-09-26T21:30:00-06:00 Denver,106.62942603125 kBTU
2018-09-26T21:45:00-06:00 Denver,133.2867825390625 kBTU
2018-09-26T22:00:00-06:00 Denver,239.9162085703125 kBTU
2018-09-26T22:15:00-06:00 Denver,133.2867825390625 kBTU
2018-09-26T22:30:00-06:00 Denver,186.6014955546875 kBTU
2018-09-26T22:45:00-06:00 Denver,186.6014955546875 kBTU
2018-09-26T23:00:00-06:00 Denver,213.2588520625 kBTU
2018-09-26T23:15:00-06:00 Denver,239.9162085703125 kBTU
2018-09-26T23:30:00-06:00 Denver,106.62942603125 kBTU
2018-09-26T23:45:00-06:00 Denver,133.2867825390625 kBTU
2018-09-27T00:00:00-06:00 Denver,106.62942603125 kBTU
2018-09-27T00:15:00-06:00 Denver,239.9162085703125 kBTU
2018-09-27T00:30:00-06:00 Denver,213.2588520625 kBTU
2018-09-27T00:45:00-06:00 Denver,133.2867825390625 kBTU
2018-09-27T01:00:00-06:00 Denver,133.2867825390625 kBTU
2018-09-27T01:15:00-06:00 Denver,186.6014955546875 kBTU
2018-09-27T01:30:00-06:00 Denver,319.88827809375 kBTU
2018-09-27T01:45:00-06:00 Denver,133.2867825390625 kBTU
2018-09-27T02:00:00-06:00 Denver,106.62942603125 kBTU
2018-09-27T02:15:00-06:00 Denver,133.2867825390625 kBTU
2018-09-27T02:30:00-06:00 Denver,213.2588520625 kBTU
2018-09-27T02:45:00-06:00 Denver,239.9162085703125 kBTU
2018-09-27T03:00:00-06:00 Denver,133.2867825390625 kBTU
2018-09-27T03:15:00-06:00 Denver,106.62942603125 kBTU
2018-09-27T03:30:00-06:00 Denver,133.2867825390625 kBTU
2018-09-27T03:45:00-06:00 Denver,186.6014955546875 kBTU
2018-09-27T04:00:00-06:00 Denver,346.54563460156254 kBTU
2018-09-27T04:15:00-06:00 Denver,106.62942603125 kBTU
2018-09-27T04:30:00-06:00 Denver,133.2867825390625 kBTU
2018-09-27T04:45:00-06:00 Denver,186.6014955546875 kBTU
2018-09-27T05:00:00-06:00 Denver,133.2867825390625 kBTU
2018-09-27T05:15:00-06:00 Denver,239.9162085703125 kBTU
2018-09-27T05:30:00-06:00 Denver,133.2867825390625 kBTU
2018-09-27T05:45:00-06:00 Denver,106.62942603125 kBTU
2018-09-27T06:00:00-06:00 Denver,79.9720695234375 kBTU
2018-09-27T06:15:00-06:00 Denver,213.2588520625 kBTU
2018-09-27T06:30:00-06:00 Denver,1572.7840339609377 kBTU
2018-09-27T06:45:00-06:00 Denver,79.9720695234375 kBTU
2018-09-27T07:00:00-06:00 Denver,479.832417140625 kBTU
2018-09-27T07:15:00-06:00 Denver,2105.9311641171876 kBTU
2018-09-27T07:30:00-06:00 Denver,1812.7002425312498 kBTU
2018-09-27T07:45:00-06:00 Denver,1945.9870250703127 kBTU
2018-09-27T08:00:00-06:00 Denver,1892.6723120546876 kBTU
2018-09-27T08:15:00-06:00 Denver,1812.7002425312498 kBTU
2018-09-27T08:30:00-06:00 Denver,1839.3575990390625 kBTU
2018-09-27T08:45:00-06:00 Denver,1999.3017380859376 kBTU
2018-09-27T09:00:00-06:00 Denver,1972.644381578125 kBTU
2018-09-27T09:15:00-06:00 Denver,1866.014955546875 kBTU
2018-09-27T09:30:00-06:00 Denver,1812.7002425312498 kBTU
2018-09-27T09:45:00-06:00 Denver,1786.0428860234376 kBTU
2018-09-27T10:00:00-06:00 Denver,1839.3575990390625 kBTU
2018-09-27T10:15:00-06:00 Denver,1866.014955546875 kBTU
2018-09-27T10:30:00-06:00 Denver,1812.7002425312498 kBTU
2018-09-27T10:45:00-06:00 Denver,1812.7002425312498 kBTU
2018-09-27T11:00:00-06:00 Denver,1812.7002425312498 kBTU
2018-09-27T11:15:00-06:00 Denver,1945.9870250703127 kBTU
2018-09-27T11:30:00-06:00 Denver,2079.273807609375 kBTU
2018-09-27T11:45:00-06:00 Denver,1866.014955546875 kBTU
2018-09-27T12:00:00-06:00 Denver,1786.0428860234376 kBTU
2018-09-27T12:15:00-06:00 Denver,1839.3575990390625 kBTU
2018-09-27T12:30:00-06:00 Denver,1892.6723120546876 kBTU
2018-09-27T12:45:00-06:00 Denver,1866.014955546875 kBTU
2018-09-27T13:00:00-06:00 Denver,1786.0428860234376 kBTU
2018-09-27T13:15:00-06:00 Denver,1866.014955546875 kBTU
2018-09-27T13:30:00-06:00 Denver,1759.3855295156252 kBTU
2018-09-27T13:45:00-06:00 Denver,1972.644381578125 kBTU
2018-09-27T14:00:00-06:00 Denver,2079.273807609375 kBTU
2018-09-27T14:15:00-06:00 Denver,1866.014955546875 kBTU
2018-09-27T14:30:00-06:00 Denver,1759.3855295156252 kBTU
2018-09-27T14:45:00-06:00 Denver,1812.7002425312498 kBTU
2018-09-27T15:00:00-06:00 Denver,1812.7002425312498 kBTU
2018-09-27T15:15:00-06:00 Denver,2692.3930072890626 kBTU
2018-09-27T15:30:00-06:00 Denver,1759.3855295156252 kBTU
2018-09-27T15:45:00-06:00 Denver,1812.7002425312498 kBTU
2018-09-27T16:00:00-06:00 Denver,1839.3575990390625 kBTU
2018-09-27T16:15:00-06:00 Denver,2799.0224333203123 kBTU
2018-09-27T16:30:00-06:00 Denver,2052.6164511015622 kBTU
2018-09-27T16:45:00-06:00 Denver,1786.0428860234376 kBTU
2018-09-27T17:00:00-06:00 Denver,1812.7002425312498 kBTU
2018-09-27T17:15:00-06:00 Denver,1759.3855295156252 kBTU
2018-09-27T17:30:00-06:00 Denver,1786.0428860234376 kBTU
2018-09-27T17:45:00-06:00 Denver,1892.6723120546876 kBTU
2018-09-27T18:00:00-06:00 Denver,1812.7002425312498 kBTU
2018-09-27T18:15:00-06:00 Denver,1892.6723120546876 kBTU
2018-09-27T18:30:00-06:00 Denver,1786.0428860234376 kBTU
2018-09-27T18:45:00-06:00 Denver,1945.9870250703127 kBTU
2018-09-27T19:00:00-06:00 Denver,1945.9870250703127 kBTU
2018-09-27T19:15:00-06:00 Denver,1839.3575990390625 kBTU
2018-09-27T19:30:00-06:00 Denver,1812.7002425312498 kBTU
2018-09-27T19:45:00-06:00 Denver,1812.7002425312498 kBTU
2018-09-27T20:00:00-06:00 Denver,1812.7002425312498 kBTU
2018-09-27T20:15:00-06:00 Denver,1866.014955546875 kBTU
2018-09-27T20:30:00-06:00 Denver,453.17506063281246 kBTU
2018-09-27T20:45:00-06:00 Denver,133.2867825390625 kBTU
2018-09-27T21:00:00-06:00 Denver,133.2867825390625 kBTU
2018-09-27T21:15:00-06:00 Denver,213.2588520625 kBTU
2018-09-27T21:30:00-06:00 Denver,159.944139046875 kBTU
2018-09-27T21:45:00-06:00 Denver,239.9162085703125 kBTU
2018-09-27T22:00:00-06:00 Denver,106.62942603125 kBTU
2018-09-27T22:15:00-06:00 Denver,186.6014955546875 kBTU
2018-09-27T22:30:00-06:00 Denver,159.944139046875 kBTU
2018-09-27T22:45:00-06:00 Denver,106.62942603125 kBTU
2018-09-27T23:00:00-06:00 Denver,239.9162085703125 kBTU
2018-09-27T23:15:00-06:00 Denver,106.62942603125 kBTU
2018-09-27T23:30:00-06:00 Denver,159.944139046875 kBTU
2018-09-27T23:45:00-06:00 Denver,213.2588520625 kBTU
2018-09-28T00:00:00-06:00 Denver,159.944139046875 kBTU
2018-09-28T00:15:00-06:00 Denver,213.2588520625 kBTU
2018-09-28T00:30:00-06:00 Denver,159.944139046875 kBTU
2018-09-28T00:45:00-06:00 Denver,213.2588520625 kBTU
2018-09-28T01:00:00-06:00 Denver,106.62942603125 kBTU
2018-09-28T01:15:00-06:00 Denver,133.2867825390625 kBTU
2018-09-28T01:30:00-06:00 Denver,106.62942603125 kBTU
2018-09-28T01:45:00-06:00 Denver,239.9162085703125 kBTU
2018-09-28T02:00:00-06:00 Denver,133.2867825390625 kBTU
2018-09-28T02:15:00-06:00 Denver,186.6014955546875 kBTU
2018-09-28T02:30:00-06:00 Denver,213.2588520625 kBTU
2018-09-28T02:45:00-06:00 Denver,106.62942603125 kBTU
2018-09-28T03:00:00-06:00 Denver,266.573565078125 kBTU
2018-09-28T03:15:00-06:00 Denver,186.6014955546875 kBTU
2018-09-28T03:30:00-06:00 Denver,133.2867825390625 kBTU
2018-09-28T03:45:00-06:00 Denver,3038.938641890625 kBTU
2018-09-28T04:00:00-06:00 Denver,319.88827809375 kBTU
2018-09-28T04:15:00-06:00 Denver,239.9162085703125 kBTU
2018-09-28T04:30:00-06:00 Denver,106.62942603125 kBTU
2018-09-28T04:45:00-06:00 Denver,239.9162085703125 kBTU
2018-09-28T05:00:00-06:00 Denver,213.2588520625 kBTU
2018-09-28T05:15:00-06:00 Denver,133.2867825390625 kBTU
2018-09-28T05:30:00-06:00 Denver,293.2309215859375 kBTU
2018-09-28T05:45:00-06:00 Denver,159.944139046875 kBTU
2018-09-28T06:00:00-06:00 Denver,79.9720695234375 kBTU
2018-09-28T06:15:00-06:00 Denver,159.944139046875 kBTU
2018-09-28T06:30:00-06:00 Denver,79.9720695234375 kBTU
2018-09-28T06:45:00-06:00 Denver,239.9162085703125 kBTU
2018-09-28T07:00:00-06:00 Denver,106.62942603125 kBTU
2018-09-28T07:15:00-06:00 Denver,213.2588520625 kBTU
2018-09-28T07:30:00-06:00 Denver,1866.014955546875 kBTU
2018-09-28T07:45:00-06:00 Denver,1999.3017380859376 kBTU
2018-09-28T08:00:00-06:00 Denver,1972.644381578125 kBTU
2018-09-28T08:15:00-06:00 Denver,1812.7002425312498 kBTU
2018-09-28T08:30:00-06:00 Denver,1839.3575990390625 kBTU
2018-09-28T08:45:00-06:00 Denver,1812.7002425312498 kBTU
2018-09-28T09:00:00-06:00 Denver,1786.0428860234376 kBTU
2018-09-28T09:15:00-06:00 Denver,1945.9870250703127 kBTU
2018-09-28T09:30:00-06:00 Denver,1999.3017380859376 kBTU
2018-09-28T09:45:00-06:00 Denver,2239.2179466562498 kBTU
2018-09-28T10:00:00-06:00 Denver,2185.9032336406253 kBTU
2018-09-28T10:15:00-06:00 Denver,2079.273807609375 kBTU
2018-09-28T10:30:00-06:00 Denver,1786.0428860234376 kBTU
2018-09-28T10:45:00-06:00 Denver,1652.756103484375 kBTU
2018-09-28T11:00:00-06:00 Denver,1892.6723120546876 kBTU
2018-09-28T11:15:00-06:00 Denver,2319.1900161796875 kBTU
2018-09-28T11:30:00-06:00 Denver,2212.5605901484373 kBTU
2018-09-28T11:45:00-06:00 Denver,2239.2179466562498 kBTU
2018-09-28T12:00:00-06:00 Denver,2159.2458771328124 kBTU
2018-09-28T12:15:00-06:00 Denver,2772.3650768125003 kBTU
2018-09-28T12:30:00-06:00 Denver,2425.8194422109373 kBTU
2018-09-28T12:45:00-06:00 Denver,2239.2179466562498 kBTU
2018-09-28T13:00:00-06:00 Denver,2772.3650768125003 kBTU
2018-09-28T13:15:00-06:00 Denver,2799.0224333203123 kBTU
2018-09-28T13:30:00-06:00 Denver,2745.7077203046874 kBTU
2018-09-28T13:45:00-06:00 Denver,3092.25335490625 kBTU
2018-09-28T14:00:00-06:00 Denver,5784.646362195313 kBTU
2018-09-28T14:15:00-06:00 Denver,3785.344624109375 kBTU
2018-09-28T14:30:00-06:00 Denver,3278.8548504609375 kBTU
2018-09-28T14:45:00-06:00 Denver,4745.009458390626 kBTU
2018-09-28T15:00:00-06:00 Denver,3172.2254244296873 kBTU
2018-09-28T15:15:00-06:00 Denver,4371.806467281251 kBTU
2018-09-28T15:30:00-06:00 Denver,4025.260832679687 kBTU
2018-09-28T15:45:00-06:00 Denver,4105.2329022031245 kBTU
2018-09-28T16:00:00-06:00 Denver,2079.273807609375 kBTU
2018-09-28T16:15:00-06:00 Denver,3038.938641890625 kBTU
2018-09-28T16:30:00-06:00 Denver,1999.3017380859376 kBTU
2018-09-28T16:45:00-06:00 Denver,2878.99450284375 kBTU
2018-09-28T17:00:00-06:00 Denver,1812.7002425312498 kBTU
2018-09-28T17:15:00-06:00 Denver,1945.9870250703127 kBTU
2018-09-28T17:30:00-06:00 Denver,2772.3650768125003 kBTU
2018-09-28T17:45:00-06:00 Denver,1812.7002425312498 kBTU
2018-09-28T18:00:00-06:00 Denver,1812.7002425312498 kBTU
2018-09-28T18:15:00-06:00 Denver,1812.7002425312498 kBTU
2018-09-28T18:30:00-06:00 Denver,1866.014955546875 kBTU
2018-09-28T18:45:00-06:00 Denver,1892.6723120546876 kBTU
2018-09-28T19:00:00-06:00 Denver,1839.3575990390625 kBTU
2018-09-28T19:15:00-06:00 Denver,1812.7002425312498 kBTU
2018-09-28T19:30:00-06:00 Denver,1812.7002425312498 kBTU
2018-09-28T19:45:00-06:00 Denver,1972.644381578125 kBTU
2018-09-28T20:00:00-06:00 Denver,1972.644381578125 kBTU
2018-09-28T20:15:00-06:00 Denver,1812.7002425312498 kBTU
2018-09-28T20:30:00-06:00 Denver,399.86034761718753 kBTU
2018-09-28T20:45:00-06:00 Denver,133.2867825390625 kBTU
2018-09-28T21:00:00-06:00 Denver,239.9162085703125 kBTU
2018-09-28T21:15:00-06:00 Denver,133.2867825390625 kBTU
2018-09-28T21:30:00-06:00 Denver,106.62942603125 kBTU
2018-09-28T21:45:00-06:00 Denver,106.62942603125 kBTU
2018-09-28T22:00:00-06:00 Denver,186.6014955546875 kBTU
2018-09-28T22:15:00-06:00 Denver,266.573565078125 kBTU
2018-09-28T22:30:00-06:00 Denver,239.9162085703125 kBTU
2018-09-28T22:45:00-06:00 Denver,159.944139046875 kBTU
2018-09-28T23:00:00-06:00 Denver,186.6014955546875 kBTU
2018-09-28T23:15:00-06:00 Denver,79.9720695234375 kBTU
2018-09-28T23:30:00-06:00 Denver,186.6014955546875 kBTU
2018-09-28T23:45:00-06:00 Denver,159.944139046875 kBTU
2018-09-29T00:00:00-06:00 Denver,133.2867825390625 kBTU
2018-09-29T00:15:00-06:00 Denver,106.62942603125 kBTU
2018-09-29T00:30:00-06:00 Denver,186.6014955546875 kBTU
2018-09-29T00:45:00-06:00 Denver,293.2309215859375 kBTU
2018-09-29T01:00:00-06:00 Denver,319.88827809375 kBTU
2018-09-29T01:15:00-06:00 Denver,133.2867825390625 kBTU
2018-09-29T01:30:00-06:00 Denver,133.2867825390625 kBTU
2018-09-29T01:45:00-06:00 Denver,106.62942603125 kBTU
2018-09-29T02:00:00-06:00 Denver,133.2867825390625 kBTU
2018-09-29T02:15:00-06:00 Denver,239.9162085703125 kBTU
2018-09-29T02:30:00-06:00 Denver,106.62942603125 kBTU
2018-09-29T02:45:00-06:00 Denver,133.2867825390625 kBTU
2018-09-29T03:00:00-06:00 Denver,186.6014955546875 kBTU
2018-09-29T03:15:00-06:00 Denver,293.2309215859375 kBTU
2018-09-29T03:30:00-06:00 Denver,293.2309215859375 kBTU
2018-09-29T03:45:00-06:00 Denver,106.62942603125 kBTU
2018-09-29T04:00:00-06:00 Denver,133.2867825390625 kBTU
2018-09-29T04:15:00-06:00 Denver,106.62942603125 kBTU
2018-09-29T04:30:00-06:00 Denver,133.2867825390625 kBTU
2018-09-29T04:45:00-06:00 Denver,2585.763581257813 kBTU
2018-09-29T05:00:00-06:00 Denver,426.517704125 kBTU
2018-09-29T05:15:00-06:00 Denver,186.6014955546875 kBTU
2018-09-29T05:30:00-06:00 Denver,186.6014955546875 kBTU
2018-09-29T05:45:00-06:00 Denver,186.6014955546875 kBTU
2018-09-29T06:00:00-06:00 Denver,319.88827809375 kBTU
2018-09-29T06:15:00-06:00 Denver,133.2867825390625 kBTU
2018-09-29T06:30:00-06:00 Denver,106.62942603125 kBTU
2018-09-29T06:45:00-06:00 Denver,133.2867825390625 kBTU
2018-09-29T07:00:00-06:00 Denver,106.62942603125 kBTU
2018-09-29T07:15:00-06:00 Denver,213.2588520625 kBTU
2018-09-29T07:30:00-06:00 Denver,239.9162085703125 kBTU
2018-09-29T07:45:00-06:00 Denver,133.2867825390625 kBTU
2018-09-29T08:00:00-06:00 Denver,133.2867825390625 kBTU
2018-09-29T08:15:00-06:00 Denver,239.9162085703125 kBTU
2018-09-29T08:30:00-06:00 Denver,159.944139046875 kBTU
2018-09-29T08:45:00-06:00 Denver,239.9162085703125 kBTU
2018-09-29T09:00:00-06:00 Denver,106.62942603125 kBTU
2018-09-29T09:15:00-06:00 Denver,159.944139046875 kBTU
2018-09-29T09:30:00-06:00 Denver,186.6014955546875 kBTU
2018-09-29T09:45:00-06:00 Denver,106.62942603125 kBTU
2018-09-29T10:00:00-06:00 Denver,239.9162085703125 kBTU
2018-09-29T10:15:00-06:00 Denver,79.9720695234375 kBTU
2018-09-29T10:30:00-06:00 Denver,186.6014955546875 kBTU
2018-09-29T10:45:00-06:00 Denver,186.6014955546875 kBTU
2018-09-29T11:00:00-06:00 Denver,239.9162085703125 kBTU
2018-09-29T11:15:00-06:00 Denver,186.6014955546875 kBTU
2018-09-29T11:30:00-06:00 Denver,213.2588520625 kBTU
2018-09-29T11:45:00-06:00 Denver,159.944139046875 kBTU
2018-09-29T12:00:00-06:00 Denver,106.62942603125 kBTU
2018-09-29T12:15:00-06:00 Denver,239.9162085703125 kBTU
2018-09-29T12:30:00-06:00 Denver,133.2867825390625 kBTU
2018-09-29T12:45:00-06:00 Denver,106.62942603125 kBTU
2018-09-29T13:00:00-06:00 Denver,159.944139046875 kBTU
2018-09-29T13:15:00-06:00 Denver,213.2588520625 kBTU
2018-09-29T13:30:00-06:00 Denver,186.6014955546875 kBTU
2018-09-29T13:45:00-06:00 Denver,319.88827809375 kBTU
2018-09-29T14:00:00-06:00 Denver,133.2867825390625 kBTU
2018-09-29T14:15:00-06:00 Denver,106.62942603125 kBTU
2018-09-29T14:30:00-06:00 Denver,133.2867825390625 kBTU
2018-09-29T14:45:00-06:00 Denver,106.62942603125 kBTU
2018-09-29T15:00:00-06:00 Denver,239.9162085703125 kBTU
2018-09-29T15:15:00-06:00 Denver,106.62942603125 kBTU
2018-09-29T15:30:00-06:00 Denver,159.944139046875 kBTU
2018-09-29T15:45:00-06:00 Denver,266.573565078125 kBTU
2018-09-29T16:00:00-06:00 Denver,213.2588520625 kBTU
2018-09-29T16:15:00-06:00 Denver,133.2867825390625 kBTU
2018-09-29T16:30:00-06:00 Denver,239.9162085703125 kBTU
2018-09-29T16:45:00-06:00 Denver,106.62942603125 kBTU
2018-09-29T17:00:00-06:00 Denver,133.2867825390625 kBTU
2018-09-29T17:15:00-06:00 Denver,106.62942603125 kBTU
2018-09-29T17:30:00-06:00 Denver,133.2867825390625 kBTU
2018-09-29T17:45:00-06:00 Denver,213.2588520625 kBTU
2018-09-29T18:00:00-06:00 Denver,239.9162085703125 kBTU
2018-09-29T18:15:00-06:00 Denver,266.573565078125 kBTU
2018-09-29T18:30:00-06:00 Denver,159.944139046875 kBTU
2018-09-29T18:45:00-06:00 Denver,106.62942603125 kBTU
2018-09-29T19:00:00-06:00 Denver,133.2867825390625 kBTU
2018-09-29T19:15:00-06:00 Denver,239.9162085703125 kBTU
2018-09-29T19:30:00-06:00 Denver,106.62942603125 kBTU
2018-09-29T19:45:00-06:00 Denver,133.2867825390625 kBTU
2018-09-29T20:00:00-06:00 Denver,133.2867825390625 kBTU
2018-09-29T20:15:00-06:00 Denver,213.2588520625 kBTU
2018-09-29T20:30:00-06:00 Denver,266.573565078125 kBTU
2018-09-29T20:45:00-06:00 Denver,239.9162085703125 kBTU
2018-09-29T21:00:00-06:00 Denver,186.6014955546875 kBTU
2018-09-29T21:15:00-06:00 Denver,79.9720695234375 kBTU
2018-09-29T21:30:00-06:00 Denver,159.944139046875 kBTU
2018-09-29T21:45:00-06:00 Denver,186.6014955546875 kBTU
2018-09-29T22:00:00-06:00 Denver,133.2867825390625 kBTU
2018-09-29T22:15:00-06:00 Denver,186.6014955546875 kBTU
2018-09-29T22:30:00-06:00 Denver,133.2867825390625 kBTU
2018-09-29T22:45:00-06:00 Denver,133.2867825390625 kBTU
2018-09-29T23:00:00-06:00 Denver,293.2309215859375 kBTU
2018-09-29T23:15:00-06:00 Denver,213.2588520625 kBTU
2018-09-29T23:30:00-06:00 Denver,186.6014955546875 kBTU
2018-09-29T23:45:00-06:00 Denver,79.9720695234375 kBTU
2018-09-30T00:00:00-06:00 Denver,159.944139046875 kBTU
2018-09-30T00:15:00-06:00 Denver,266.573565078125 kBTU
2018-09-30T00:30:00-06:00 Denver,2719.050363796875 kBTU
2018-09-30T00:45:00-06:00 Denver,719.7486257109375 kBTU
2018-09-30T01:00:00-06:00 Denver,106.62942603125 kBTU
2018-09-30T01:15:00-06:00 Denver,133.2867825390625 kBTU
2018-09-30T01:30:00-06:00 Denver,213.2588520625 kBTU
2018-09-30T01:45:00-06:00 Denver,319.88827809375 kBTU
2018-09-30T02:00:00-06:00 Denver,159.944139046875 kBTU
2018-09-30T02:15:00-06:00 Denver,79.9720695234375 kBTU
2018-09-30T02:30:00-06:00 Denver,186.6014955546875 kBTU
2018-09-30T02:45:00-06:00 Denver,159.944139046875 kBTU
2018-09-30T03:00:00-06:00 Denver,239.9162085703125 kBTU
2018-09-30T03:15:00-06:00 Denver,133.2867825390625 kBTU
2018-09-30T03:30:00-06:00 Denver,106.62942603125 kBTU
2018-09-30T03:45:00-06:00 Denver,133.2867825390625 kBTU
2018-09-30T04:00:00-06:00 Denver,213.2588520625 kBTU
2018-09-30T04:15:00-06:00 Denver,346.54563460156254 kBTU
2018-09-30T04:30:00-06:00 Denver,133.2867825390625 kBTU
2018-09-30T04:45:00-06:00 Denver,133.2867825390625 kBTU
2018-09-30T05:00:00-06:00 Denver,159.944139046875 kBTU
2018-09-30T05:15:00-06:00 Denver,159.944139046875 kBTU
2018-09-30T05:30:00-06:00 Denver,133.2867825390625 kBTU
2018-09-30T05:45:00-06:00 Denver,239.9162085703125 kBTU
2018-09-30T06:00:00-06:00 Denver,79.9720695234375 kBTU
2018-09-30T06:15:00-06:00 Denver,159.944139046875 kBTU
2018-09-30T06:30:00-06:00 Denver,186.6014955546875 kBTU
2018-09-30T06:45:00-06:00 Denver,239.9162085703125 kBTU
2018-09-30T07:00:00-06:00 Denver,213.2588520625 kBTU
2018-09-30T07:15:00-06:00 Denver,159.944139046875 kBTU
2018-09-30T07:30:00-06:00 Denver,186.6014955546875 kBTU
2018-09-30T07:45:00-06:00 Denver,133.2867825390625 kBTU
2018-09-30T08:00:00-06:00 Denver,106.62942603125 kBTU
2018-09-30T08:15:00-06:00 Denver,239.9162085703125 kBTU
2018-09-30T08:30:00-06:00 Denver,133.2867825390625 kBTU
2018-09-30T08:45:00-06:00 Denver,133.2867825390625 kBTU
2018-09-30T09:00:00-06:00 Denver,213.2588520625 kBTU
2018-09-30T09:15:00-06:00 Denver,186.6014955546875 kBTU
2018-09-30T09:30:00-06:00 Denver,186.6014955546875 kBTU
2018-09-30T09:45:00-06:00 Denver,239.9162085703125 kBTU
2018-09-30T10:00:00-06:00 Denver,159.944139046875 kBTU
2018-09-30T10:15:00-06:00 Denver,106.62942603125 kBTU
2018-09-30T10:30:00-06:00 Denver,106.62942603125 kBTU
2018-09-30T10:45:00-06:00 Denver,133.2867825390625 kBTU
2018-09-30T11:00:00-06:00 Denver,239.9162085703125 kBTU
2018-09-30T11:15:00-06:00 Denver,159.944139046875 kBTU
2018-09-30T11:30:00-06:00 Denver,213.2588520625 kBTU
2018-09-30T11:45:00-06:00 Denver,159.944139046875 kBTU
2018-09-30T12:00:00-06:00 Denver,213.2588520625 kBTU
2018-09-30T12:15:00-06:00 Denver,133.2867825390625 kBTU
2018-09-30T12:30:00-06:00 Denver,239.9162085703125 kBTU
2018-09-30T12:45:00-06:00 Denver,106.62942603125 kBTU
2018-09-30T13:00:00-06:00 Denver,106.62942603125 kBTU
2018-09-30T13:15:00-06:00 Denver,133.2867825390625 kBTU
2018-09-30T13:30:00-06:00 Denver,106.62942603125 kBTU
2018-09-30T13:45:00-06:00 Denver,293.2309215859375 kBTU
2018-09-30T14:00:00-06:00 Denver,213.2588520625 kBTU
2018-09-30T14:15:00-06:00 Denver,186.6014955546875 kBTU
2018-09-30T14:30:00-06:00 Denver,186.6014955546875 kBTU
2018-09-30T14:45:00-06:00 Denver,106.62942603125 kBTU
2018-09-30T15:00:00-06:00 Denver,239.9162085703125 kBTU
2018-09-30T15:15:00-06:00 Denver,106.62942603125 kBTU
2018-09-30T15:30:00-06:00 Denver,79.9720695234375 kBTU
2018-09-30T15:45:00-06:00 Denver,133.2867825390625 kBTU
2018-09-30T16:00:00-06:00 Denver,106.62942603125 kBTU
2018-09-30T16:15:00-06:00 Denver,346.54563460156254 kBTU
2018-09-30T16:30:00-06:00 Denver,239.9162085703125 kBTU
2018-09-30T16:45:00-06:00 Denver,213.2588520625 kBTU
2018-09-30T17:00:00-06:00 Denver,106.62942603125 kBTU
2018-09-30T17:15:00-06:00 Denver,79.9720695234375 kBTU
2018-09-30T17:30:00-06:00 Denver,159.944139046875 kBTU
2018-09-30T17:45:00-06:00 Denver,186.6014955546875 kBTU
2018-09-30T18:00:00-06:00 Denver,133.2867825390625 kBTU
2018-09-30T18:15:00-06:00 Denver,106.62942603125 kBTU
2018-09-30T18:30:00-06:00 Denver,133.2867825390625 kBTU
2018-09-30T18:45:00-06:00 Denver,293.2309215859375 kBTU
2018-09-30T19:00:00-06:00 Denver,319.88827809375 kBTU
2018-09-30T19:15:00-06:00 Denver,133.2867825390625 kBTU
2018-09-30T19:30:00-06:00 Denver,106.62942603125 kBTU
2018-09-30T19:45:00-06:00 Denver,133.2867825390625 kBTU
2018-09-30T20:00:00-06:00 Denver,106.62942603125 kBTU
2018-09-30T20:15:00-06:00 Denver,239.9162085703125 kBTU
2018-09-30T20:30:00-06:00 Denver,106.62942603125 kBTU
2018-09-30T20:45:00-06:00 Denver,133.2867825390625 kBTU
2018-09-30T21:00:00-06:00 Denver,239.9162085703125 kBTU
2018-09-30T21:15:00-06:00 Denver,239.9162085703125 kBTU
2018-09-30T21:30:00-06:00 Denver,3438.798989507812 kBTU
2018-09-30T21:45:00-06:00 Denver,159.944139046875 kBTU
2018-09-30T22:00:00-06:00 Denver,79.9720695234375 kBTU
2018-09-30T22:15:00-06:00 Denver,133.2867825390625 kBTU
2018-09-30T22:30:00-06:00 Denver,106.62942603125 kBTU
2018-09-30T22:45:00-06:00 Denver,293.2309215859375 kBTU
2018-09-30T23:00:00-06:00 Denver,186.6014955546875 kBTU
2018-09-30T23:15:00-06:00 Denver,106.62942603125 kBTU
2018-09-30T23:30:00-06:00 Denver,213.2588520625 kBTU
2018-09-30T23:45:00-06:00 Denver,239.9162085703125 kBTU
2018-10-01T00:00:00-06:00 Denver,266.573565078125 kBTU
2018-10-01T00:15:00-06:00 Denver,106.62942603125 kBTU
2018-10-01T00:30:00-06:00 Denver,133.2867825390625 kBTU
2018-10-01T00:45:00-06:00 Denver,106.62942603125 kBTU
2018-10-01T01:00:00-06:00 Denver,186.6014955546875 kBTU
2018-10-01T01:15:00-06:00 Denver,186.6014955546875 kBTU
2018-10-01T01:30:00-06:00 Denver,239.9162085703125 kBTU
2018-10-01T01:45:00-06:00 Denver,106.62942603125 kBTU
2018-10-01T02:00:00-06:00 Denver,239.9162085703125 kBTU
2018-10-01T02:15:00-06:00 Denver,239.9162085703125 kBTU
2018-10-01T02:30:00-06:00 Denver,79.9720695234375 kBTU
2018-10-01T02:45:00-06:00 Denver,239.9162085703125 kBTU
2018-10-01T03:00:00-06:00 Denver,186.6014955546875 kBTU
2018-10-01T03:15:00-06:00 Denver,159.944139046875 kBTU
2018-10-01T03:30:00-06:00 Denver,133.2867825390625 kBTU
2018-10-01T03:45:00-06:00 Denver,106.62942603125 kBTU
2018-10-01T04:00:00-06:00 Denver,239.9162085703125 kBTU
2018-10-01T04:15:00-06:00 Denver,133.2867825390625 kBTU
2018-10-01T04:30:00-06:00 Denver,239.9162085703125 kBTU
2018-10-01T04:45:00-06:00 Denver,213.2588520625 kBTU
2018-10-01T05:00:00-06:00 Denver,133.2867825390625 kBTU
2018-10-01T05:15:00-06:00 Denver,293.2309215859375 kBTU
2018-10-01T05:30:00-06:00 Denver,159.944139046875 kBTU
2018-10-01T05:45:00-06:00 Denver,133.2867825390625 kBTU
2018-10-01T06:00:00-06:00 Denver,106.62942603125 kBTU
2018-10-01T06:15:00-06:00 Denver,239.9162085703125 kBTU
2018-10-01T06:30:00-06:00 Denver,1492.8119644375 kBTU
2018-10-01T06:45:00-06:00 Denver,159.944139046875 kBTU
2018-10-01T07:00:00-06:00 Denver,133.2867825390625 kBTU
2018-10-01T07:15:00-06:00 Denver,213.2588520625 kBTU
2018-10-01T07:30:00-06:00 Denver,1786.0428860234376 kBTU
2018-10-01T07:45:00-06:00 Denver,1999.3017380859376 kBTU
2018-10-01T08:00:00-06:00 Denver,1812.7002425312498 kBTU
2018-10-01T08:15:00-06:00 Denver,1786.0428860234376 kBTU
2018-10-01T08:30:00-06:00 Denver,1786.0428860234376 kBTU
2018-10-01T08:45:00-06:00 Denver,1812.7002425312498 kBTU
2018-10-01T09:00:00-06:00 Denver,1945.9870250703127 kBTU
2018-10-01T09:15:00-06:00 Denver,1839.3575990390625 kBTU
2018-10-01T09:30:00-06:00 Denver,2025.95909459375 kBTU
2018-10-01T09:45:00-06:00 Denver,1866.014955546875 kBTU
2018-10-01T10:00:00-06:00 Denver,1812.7002425312498 kBTU
2018-10-01T10:15:00-06:00 Denver,1919.3296685625 kBTU
2018-10-01T10:30:00-06:00 Denver,1812.7002425312498 kBTU
2018-10-01T10:45:00-06:00 Denver,2025.95909459375 kBTU
2018-10-01T11:00:00-06:00 Denver,2185.9032336406253 kBTU
2018-10-01T11:15:00-06:00 Denver,2212.5605901484373 kBTU
2018-10-01T11:30:00-06:00 Denver,2345.8473726875 kBTU
2018-10-01T11:45:00-06:00 Denver,2505.791511734375 kBTU
2018-10-01T12:00:00-06:00 Denver,2425.8194422109373 kBTU
2018-10-01T12:15:00-06:00 Denver,2345.8473726875 kBTU
2018-10-01T12:30:00-06:00 Denver,2372.504729195313 kBTU
2018-10-01T12:45:00-06:00 Denver,3438.798989507812 kBTU
2018-10-01T13:00:00-06:00 Denver,3758.6872676015623 kBTU
2018-10-01T13:15:00-06:00 Denver,5757.9890056875 kBTU
2018-10-01T13:30:00-06:00 Denver,2985.623928875 kBTU
2018-10-01T13:45:00-06:00 Denver,3971.9461196640627 kBTU
2018-10-01T14:00:00-06:00 Denver,4265.17704125 kBTU
2018-10-01T14:15:00-06:00 Denver,4105.2329022031245 kBTU
2018-10-01T14:30:00-06:00 Denver,5997.905214257813 kBTU
2018-10-01T14:45:00-06:00 Denver,4131.890258710938 kBTU
2018-10-01T15:00:00-06:00 Denver,4505.093249820313 kBTU
2018-10-01T15:15:00-06:00 Denver,4505.093249820313 kBTU
2018-10-01T15:30:00-06:00 Denver,5278.156588546875 kBTU
2018-10-01T15:45:00-06:00 Denver,4824.981527914063 kBTU
2018-10-01T16:00:00-06:00 Denver,5704.674292671875 kBTU
2018-10-01T16:15:00-06:00 Denver,2878.99450284375 kBTU
2018-10-01T16:30:00-06:00 Denver,3891.9740501406254 kBTU
2018-10-01T16:45:00-06:00 Denver,4025.260832679687 kBTU
2018-10-01T17:00:00-06:00 Denver,3225.5401374453127 kBTU
2018-10-01T17:15:00-06:00 Denver,2825.679789828125 kBTU
2018-10-01T17:30:00-06:00 Denver,1866.014955546875 kBTU
2018-10-01T17:45:00-06:00 Denver,3038.938641890625 kBTU
2018-10-01T18:00:00-06:00 Denver,1839.3575990390625 kBTU
2018-10-01T18:15:00-06:00 Denver,1919.3296685625 kBTU
2018-10-01T18:30:00-06:00 Denver,2958.966572367188 kBTU
2018-10-01T18:45:00-06:00 Denver,1945.9870250703127 kBTU
2018-10-01T19:00:00-06:00 Denver,2025.95909459375 kBTU
2018-10-01T19:15:00-06:00 Denver,1945.9870250703127 kBTU
2018-10-01T19:30:00-06:00 Denver,1839.3575990390625 kBTU
2018-10-01T19:45:00-06:00 Denver,1839.3575990390625 kBTU
2018-10-01T20:00:00-06:00 Denver,1839.3575990390625 kBTU
2018-10-01T20:15:00-06:00 Denver,1892.6723120546876 kBTU
2018-10-01T20:30:00-06:00 Denver,533.14713015625 kBTU
2018-10-01T20:45:00-06:00 Denver,159.944139046875 kBTU
2018-10-01T21:00:00-06:00 Denver,159.944139046875 kBTU
2018-10-01T21:15:00-06:00 Denver,266.573565078125 kBTU
2018-10-01T21:30:00-06:00 Denver,266.573565078125 kBTU
2018-10-01T21:45:00-06:00 Denver,213.2588520625 kBTU
2018-10-01T22:00:00-06:00 Denver,159.944139046875 kBTU
2018-10-01T22:15:00-06:00 Denver,133.2867825390625 kBTU
2018-10-01T22:30:00-06:00 Denver,239.9162085703125 kBTU
2018-10-01T22:45:00-06:00 Denver,266.573565078125 kBTU
2018-10-01T23:00:00-06:00 Denver,159.944139046875 kBTU
2018-10-01T23:15:00-06:00 Denver,159.944139046875 kBTU
2018-10-01T23:30:00-06:00 Denver,133.2867825390625 kBTU
2018-10-01T23:45:00-06:00 Denver,266.573565078125 kBTU
2018-10-02T00:00:00-06:00 Denver,293.2309215859375 kBTU
2018-10-02T00:15:00-06:00 Denver,239.9162085703125 kBTU
2018-10-02T00:30:00-06:00 Denver,186.6014955546875 kBTU
2018-10-02T00:45:00-06:00 Denver,186.6014955546875 kBTU
2018-10-02T01:00:00-06:00 Denver,159.944139046875 kBTU
2018-10-02T01:15:00-06:00 Denver,159.944139046875 kBTU
2018-10-02T01:30:00-06:00 Denver,239.9162085703125 kBTU
2018-10-02T01:45:00-06:00 Denver,159.944139046875 kBTU
2018-10-02T02:00:00-06:00 Denver,159.944139046875 kBTU
2018-10-02T02:15:00-06:00 Denver,266.573565078125 kBTU
2018-10-02T02:30:00-06:00 Denver,239.9162085703125 kBTU
2018-10-02T02:45:00-06:00 Denver,319.88827809375 kBTU
2018-10-02T03:00:00-06:00 Denver,159.944139046875 kBTU
2018-10-02T03:15:00-06:00 Denver,159.944139046875 kBTU
2018-10-02T03:30:00-06:00 Denver,159.944139046875 kBTU
2018-10-02T03:45:00-06:00 Denver,159.944139046875 kBTU
2018-10-02T04:00:00-06:00 Denver,239.9162085703125 kBTU
2018-10-02T04:15:00-06:00 Denver,159.944139046875 kBTU
2018-10-02T04:30:00-06:00 Denver,186.6014955546875 kBTU
2018-10-02T04:45:00-06:00 Denver,346.54563460156254 kBTU
2018-10-02T05:00:00-06:00 Denver,319.88827809375 kBTU
2018-10-02T05:15:00-06:00 Denver,133.2867825390625 kBTU
2018-10-02T05:30:00-06:00 Denver,159.944139046875 kBTU
2018-10-02T05:45:00-06:00 Denver,159.944139046875 kBTU
2018-10-02T06:00:00-06:00 Denver,133.2867825390625 kBTU
2018-10-02T06:15:00-06:00 Denver,266.573565078125 kBTU
2018-10-02T06:30:00-06:00 Denver,666.4339126953125 kBTU
2018-10-02T06:45:00-06:00 Denver,3785.344624109375 kBTU
2018-10-02T07:00:00-06:00 Denver,26.6573565078125 kBTU
2018-10-02T07:15:00-06:00 Denver,213.2588520625 kBTU
2018-10-02T07:30:00-06:00 Denver,1839.3575990390625 kBTU
2018-10-02T07:45:00-06:00 Denver,1945.9870250703127 kBTU
2018-10-02T08:00:00-06:00 Denver,2239.2179466562498 kBTU
2018-10-02T08:15:00-06:00 Denver,1786.0428860234376 kBTU
2018-10-02T08:30:00-06:00 Denver,1812.7002425312498 kBTU
2018-10-02T08:45:00-06:00 Denver,1866.014955546875 kBTU
2018-10-02T09:00:00-06:00 Denver,1812.7002425312498 kBTU
2018-10-02T09:15:00-06:00 Denver,1866.014955546875 kBTU
2018-10-02T09:30:00-06:00 Denver,1919.3296685625 kBTU
2018-10-02T09:45:00-06:00 Denver,1945.9870250703127 kBTU
2018-10-02T10:00:00-06:00 Denver,1919.3296685625 kBTU
2018-10-02T10:15:00-06:00 Denver,1759.3855295156252 kBTU
2018-10-02T10:30:00-06:00 Denver,1839.3575990390625 kBTU
2018-10-02T10:45:00-06:00 Denver,2159.2458771328124 kBTU
2018-10-02T11:00:00-06:00 Denver,2425.8194422109373 kBTU
2018-10-02T11:15:00-06:00 Denver,2532.4488682421875 kBTU
2018-10-02T11:30:00-06:00 Denver,4691.694745375 kBTU
2018-10-02T11:45:00-06:00 Denver,2745.7077203046874 kBTU
2018-10-02T12:00:00-06:00 Denver,3838.659337125 kBTU
2018-10-02T12:15:00-06:00 Denver,3865.3166936328125 kBTU
2018-10-02T12:30:00-06:00 Denver,3758.6872676015623 kBTU
2018-10-02T12:45:00-06:00 Denver,3572.0857720468753 kBTU
2018-10-02T13:00:00-06:00 Denver,4131.890258710938 kBTU
2018-10-02T13:15:00-06:00 Denver,4531.750606328125 kBTU
2018-10-02T13:30:00-06:00 Denver,4478.4358933124995 kBTU
2018-10-02T13:45:00-06:00 Denver,3812.001980617187 kBTU
2018-10-02T14:00:00-06:00 Denver,2665.73565078125 kBTU
2018-10-02T14:15:00-06:00 Denver,3812.001980617187 kBTU
2018-10-02T14:30:00-06:00 Denver,4185.204971726563 kBTU
2018-10-02T14:45:00-06:00 Denver,3971.9461196640627 kBTU
2018-10-02T15:00:00-06:00 Denver,2745.7077203046874 kBTU
2018-10-02T15:15:00-06:00 Denver,2665.73565078125 kBTU
2018-10-02T15:30:00-06:00 Denver,2639.0782942734377 kBTU
2018-10-02T15:45:00-06:00 Denver,2665.73565078125 kBTU
2018-10-02T16:00:00-06:00 Denver,2052.6164511015622 kBTU
2018-10-02T16:15:00-06:00 Denver,2105.9311641171876 kBTU
2018-10-02T16:30:00-06:00 Denver,2025.95909459375 kBTU
2018-10-02T16:45:00-06:00 Denver,1945.9870250703127 kBTU
2018-10-02T17:00:00-06:00 Denver,3038.938641890625 kBTU
2018-10-02T17:15:00-06:00 Denver,1759.3855295156252 kBTU
2018-10-02T17:30:00-06:00 Denver,1945.9870250703127 kBTU
2018-10-02T17:45:00-06:00 Denver,1786.0428860234376 kBTU
2018-10-02T18:00:00-06:00 Denver,2852.3371463359376 kBTU
2018-10-02T18:15:00-06:00 Denver,1866.014955546875 kBTU
2018-10-02T18:30:00-06:00 Denver,1892.6723120546876 kBTU
2018-10-02T18:45:00-06:00 Denver,1892.6723120546876 kBTU
2018-10-02T19:00:00-06:00 Denver,1786.0428860234376 kBTU
2018-10-02T19:15:00-06:00 Denver,1945.9870250703127 kBTU
2018-10-02T19:30:00-06:00 Denver,1919.3296685625 kBTU
2018-10-02T19:45:00-06:00 Denver,1786.0428860234376 kBTU
2018-10-02T20:00:00-06:00 Denver,1892.6723120546876 kBTU
2018-10-02T20:15:00-06:00 Denver,4371.806467281251 kBTU
2018-10-02T20:30:00-06:00 Denver,426.517704125 kBTU
2018-10-02T20:45:00-06:00 Denver,79.9720695234375 kBTU
2018-10-02T21:00:00-06:00 Denver,133.2867825390625 kBTU
2018-10-02T21:15:00-06:00 Denver,239.9162085703125 kBTU
2018-10-02T21:30:00-06:00 Denver,159.944139046875 kBTU
2018-10-02T21:45:00-06:00 Denver,239.9162085703125 kBTU
2018-10-02T22:00:00-06:00 Denver,159.944139046875 kBTU
2018-10-02T22:15:00-06:00 Denver,106.62942603125 kBTU
2018-10-02T22:30:00-06:00 Denver,266.573565078125 kBTU
2018-10-02T22:45:00-06:00 Denver,213.2588520625 kBTU
2018-10-02T23:00:00-06:00 Denver,106.62942603125 kBTU
2018-10-02T23:15:00-06:00 Denver,133.2867825390625 kBTU
2018-10-02T23:30:00-06:00 Denver,79.9720695234375 kBTU
2018-10-02T23:45:00-06:00 Denver,293.2309215859375 kBTU
2018-10-03T00:00:00-06:00 Denver,133.2867825390625 kBTU
2018-10-03T00:15:00-06:00 Denver,239.9162085703125 kBTU
2018-10-03T00:30:00-06:00 Denver,186.6014955546875 kBTU
2018-10-03T00:45:00-06:00 Denver,186.6014955546875 kBTU
2018-10-03T01:00:00-06:00 Denver,266.573565078125 kBTU
2018-10-03T01:15:00-06:00 Denver,106.62942603125 kBTU
2018-10-03T01:30:00-06:00 Denver,133.2867825390625 kBTU
2018-10-03T01:45:00-06:00 Denver,106.62942603125 kBTU
2018-10-03T02:00:00-06:00 Denver,133.2867825390625 kBTU
2018-10-03T02:15:00-06:00 Denver,239.9162085703125 kBTU
2018-10-03T02:30:00-06:00 Denver,159.944139046875 kBTU
2018-10-03T02:45:00-06:00 Denver,319.88827809375 kBTU
2018-10-03T03:00:00-06:00 Denver,159.944139046875 kBTU
2018-10-03T03:15:00-06:00 Denver,133.2867825390625 kBTU
2018-10-03T03:30:00-06:00 Denver,239.9162085703125 kBTU
2018-10-03T03:45:00-06:00 Denver,159.944139046875 kBTU
2018-10-03T04:00:00-06:00 Denver,79.9720695234375 kBTU
2018-10-03T04:15:00-06:00 Denver,133.2867825390625 kBTU
2018-10-03T04:30:00-06:00 Denver,159.944139046875 kBTU
2018-10-03T04:45:00-06:00 Denver,266.573565078125 kBTU
2018-10-03T05:00:00-06:00 Denver,239.9162085703125 kBTU
2018-10-03T05:15:00-06:00 Denver,239.9162085703125 kBTU
2018-10-03T05:30:00-06:00 Denver,133.2867825390625 kBTU
2018-10-03T05:45:00-06:00 Denver,133.2867825390625 kBTU
2018-10-03T06:00:00-06:00 Denver,239.9162085703125 kBTU
2018-10-03T06:15:00-06:00 Denver,106.62942603125 kBTU
2018-10-03T06:30:00-06:00 Denver,106.62942603125 kBTU
2018-10-03T06:45:00-06:00 Denver,1172.92368634375 kBTU
2018-10-03T07:00:00-06:00 Denver,1332.867825390625 kBTU
2018-10-03T07:15:00-06:00 Denver,133.2867825390625 kBTU
2018-10-03T07:30:00-06:00 Denver,4425.121180296875 kBTU
2018-10-03T07:45:00-06:00 Denver,1999.3017380859376 kBTU
2018-10-03T08:00:00-06:00 Denver,1786.0428860234376 kBTU
2018-10-03T08:15:00-06:00 Denver,1812.7002425312498 kBTU
2018-10-03T08:30:00-06:00 Denver,1866.014955546875 kBTU
2018-10-03T08:45:00-06:00 Denver,1839.3575990390625 kBTU
2018-10-03T09:00:00-06:00 Denver,1812.7002425312498 kBTU
2018-10-03T09:15:00-06:00 Denver,1945.9870250703127 kBTU
2018-10-03T09:30:00-06:00 Denver,2372.504729195313 kBTU
2018-10-03T09:45:00-06:00 Denver,2532.4488682421875 kBTU
2018-10-03T10:00:00-06:00 Denver,2665.73565078125 kBTU
2018-10-03T10:15:00-06:00 Denver,2772.3650768125003 kBTU
2018-10-03T10:30:00-06:00 Denver,2745.7077203046874 kBTU
2018-10-03T10:45:00-06:00 Denver,2665.73565078125 kBTU
2018-10-03T11:00:00-06:00 Denver,2878.99450284375 kBTU
2018-10-03T11:15:00-06:00 Denver,2692.3930072890626 kBTU
2018-10-03T11:30:00-06:00 Denver,2772.3650768125003 kBTU
2018-10-03T11:45:00-06:00 Denver,2825.679789828125 kBTU
2018-10-03T12:00:00-06:00 Denver,2745.7077203046874 kBTU
2018-10-03T12:15:00-06:00 Denver,3145.5680679218754 kBTU
2018-10-03T12:30:00-06:00 Denver,2932.309215859375 kBTU
2018-10-03T12:45:00-06:00 Denver,2772.3650768125003 kBTU
2018-10-03T13:00:00-06:00 Denver,2665.73565078125 kBTU
2018-10-03T13:15:00-06:00 Denver,2665.73565078125 kBTU
2018-10-03T13:30:00-06:00 Denver,2852.3371463359376 kBTU
2018-10-03T13:45:00-06:00 Denver,4398.463823789062 kBTU
2018-10-03T14:00:00-06:00 Denver,5198.184519023438 kBTU
2018-10-03T14:15:00-06:00 Denver,3812.001980617187 kBTU
2018-10-03T14:30:00-06:00 Denver,4718.352101882812 kBTU
2018-10-03T14:45:00-06:00 Denver,2932.309215859375 kBTU
2018-10-03T15:00:00-06:00 Denver,3865.3166936328125 kBTU
2018-10-03T15:15:00-06:00 Denver,2719.050363796875 kBTU
2018-10-03T15:30:00-06:00 Denver,5278.156588546875 kBTU
2018-10-03T15:45:00-06:00 Denver,2772.3650768125003 kBTU
2018-10-03T16:00:00-06:00 Denver,2452.47679871875 kBTU
2018-10-03T16:15:00-06:00 Denver,2025.95909459375 kBTU
2018-10-03T16:30:00-06:00 Denver,1999.3017380859376 kBTU
2018-10-03T16:45:00-06:00 Denver,2052.6164511015622 kBTU
2018-10-03T17:00:00-06:00 Denver,2159.2458771328124 kBTU
2018-10-03T17:15:00-06:00 Denver,2132.588520625 kBTU
2018-10-03T17:30:00-06:00 Denver,1892.6723120546876 kBTU
2018-10-03T17:45:00-06:00 Denver,1812.7002425312498 kBTU
2018-10-03T18:00:00-06:00 Denver,1732.7281730078125 kBTU
2018-10-03T18:15:00-06:00 Denver,1812.7002425312498 kBTU
2018-10-03T18:30:00-06:00 Denver,1866.014955546875 kBTU
2018-10-03T18:45:00-06:00 Denver,1786.0428860234376 kBTU
2018-10-03T19:00:00-06:00 Denver,1759.3855295156252 kBTU
2018-10-03T19:15:00-06:00 Denver,1839.3575990390625 kBTU
2018-10-03T19:30:00-06:00 Denver,1945.9870250703127 kBTU
2018-10-03T19:45:00-06:00 Denver,2639.0782942734377 kBTU
2018-10-03T20:00:00-06:00 Denver,1812.7002425312498 kBTU
2018-10-03T20:15:00-06:00 Denver,4051.9181891875 kBTU
2018-10-03T20:30:00-06:00 Denver,373.202991109375 kBTU
2018-10-03T20:45:00-06:00 Denver,133.2867825390625 kBTU
2018-10-03T21:00:00-06:00 Denver,213.2588520625 kBTU
2018-10-03T21:15:00-06:00 Denver,133.2867825390625 kBTU
2018-10-03T21:30:04-06:00 Denver,106.62942603125 kBTU
2018-10-03T21:45:00-06:00 Denver,159.944139046875 kBTU
2018-10-03T22:00:00-06:00 Denver,239.9162085703125 kBTU
2018-10-03T22:15:00-06:00 Denver,266.573565078125 kBTU
2018-10-03T22:30:00-06:00 Denver,213.2588520625 kBTU
2018-10-03T22:45:00-06:00 Denver,133.2867825390625 kBTU
2018-10-03T23:00:00-06:00 Denver,133.2867825390625 kBTU
2018-10-03T23:15:00-06:00 Denver,106.62942603125 kBTU
2018-10-03T23:30:00-06:00 Denver,186.6014955546875 kBTU
2018-10-03T23:45:00-06:00 Denver,186.6014955546875 kBTU
2018-10-04T00:00:00-06:00 Denver,106.62942603125 kBTU
2018-10-04T00:15:00-06:00 Denver,186.6014955546875 kBTU
2018-10-04T00:30:00-06:00 Denver,213.2588520625 kBTU
2018-10-04T00:45:00-06:00 Denver,213.2588520625 kBTU
2018-10-04T01:00:00-06:00 Denver,266.573565078125 kBTU
2018-10-04T01:15:00-06:00 Denver,106.62942603125 kBTU
2018-10-04T01:30:00-06:00 Denver,133.2867825390625 kBTU
2018-10-04T01:45:00-06:00 Denver,106.62942603125 kBTU
2018-10-04T02:00:00-06:00 Denver,133.2867825390625 kBTU
2018-10-04T02:15:00-06:00 Denver,239.9162085703125 kBTU
2018-10-04T02:30:00-06:00 Denver,106.62942603125 kBTU
2018-10-04T02:45:00-06:00 Denver,213.2588520625 kBTU
2018-10-04T03:00:00-06:00 Denver,293.2309215859375 kBTU
2018-10-04T03:15:00-06:00 Denver,186.6014955546875 kBTU
2018-10-04T03:30:00-06:00 Denver,186.6014955546875 kBTU
2018-10-04T03:45:00-06:00 Denver,159.944139046875 kBTU
2018-10-04T04:00:00-06:00 Denver,79.9720695234375 kBTU
2018-10-04T04:15:00-06:00 Denver,133.2867825390625 kBTU
2018-10-04T04:30:00-06:00 Denver,213.2588520625 kBTU
2018-10-04T04:45:00-06:00 Denver,133.2867825390625 kBTU
2018-10-04T05:00:00-06:00 Denver,186.6014955546875 kBTU
2018-10-04T05:15:00-06:00 Denver,186.6014955546875 kBTU
2018-10-04T05:30:00-06:00 Denver,239.9162085703125 kBTU
2018-10-04T05:45:00-06:00 Denver,293.2309215859375 kBTU
2018-10-04T06:00:00-06:00 Denver,133.2867825390625 kBTU
2018-10-04T06:15:00-06:00 Denver,106.62942603125 kBTU
2018-10-04T06:30:00-06:00 Denver,79.9720695234375 kBTU
2018-10-04T06:45:00-06:00 Denver,133.2867825390625 kBTU
2018-10-04T07:00:00-06:00 Denver,453.17506063281246 kBTU
2018-10-04T07:15:00-06:00 Denver,1412.8398949140626 kBTU
2018-10-04T07:30:00-06:00 Denver,1626.0987469765623 kBTU
2018-10-04T07:45:00-06:00 Denver,1972.644381578125 kBTU
2018-10-04T08:00:00-06:00 Denver,1945.9870250703127 kBTU
2018-10-04T08:15:00-06:00 Denver,1839.3575990390625 kBTU
2018-10-04T08:30:00-06:00 Denver,1999.3017380859376 kBTU
2018-10-04T08:45:00-06:00 Denver,1786.0428860234376 kBTU
2018-10-04T09:00:00-06:00 Denver,1812.7002425312498 kBTU
2018-10-04T09:15:00-06:00 Denver,1812.7002425312498 kBTU
2018-10-04T09:30:00-06:00 Denver,1892.6723120546876 kBTU
2018-10-04T09:45:00-06:00 Denver,1919.3296685625 kBTU
2018-10-04T10:00:00-06:00 Denver,1786.0428860234376 kBTU
2018-10-04T10:15:00-06:00 Denver,1839.3575990390625 kBTU
2018-10-04T10:30:00-06:00 Denver,1919.3296685625 kBTU
2018-10-04T10:45:00-06:00 Denver,1866.014955546875 kBTU
2018-10-04T11:00:00-06:00 Denver,1919.3296685625 kBTU
2018-10-04T11:15:00-06:00 Denver,1812.7002425312498 kBTU
2018-10-04T11:30:00-06:00 Denver,1839.3575990390625 kBTU
2018-10-04T11:45:00-06:00 Denver,1839.3575990390625 kBTU
2018-10-04T12:00:00-06:00 Denver,1812.7002425312498 kBTU
2018-10-04T12:15:00-06:00 Denver,1919.3296685625 kBTU
2018-10-04T12:30:00-06:00 Denver,1786.0428860234376 kBTU
2018-10-04T12:45:00-06:00 Denver,1812.7002425312498 kBTU
2018-10-04T13:00:00-06:00 Denver,1919.3296685625 kBTU
2018-10-04T13:15:00-06:00 Denver,1945.9870250703127 kBTU
2018-10-04T13:30:00-06:00 Denver,1919.3296685625 kBTU
2018-10-04T13:45:00-06:00 Denver,1786.0428860234376 kBTU
2018-10-04T14:00:00-06:00 Denver,1892.6723120546876 kBTU
2018-10-04T14:15:00-06:00 Denver,1812.7002425312498 kBTU
2018-10-04T14:30:00-06:00 Denver,1759.3855295156252 kBTU
2018-10-04T14:45:00-06:00 Denver,1839.3575990390625 kBTU
2018-10-04T15:00:00-06:00 Denver,1919.3296685625 kBTU
2018-10-04T15:15:00-06:00 Denver,1786.0428860234376 kBTU
2018-10-04T15:30:00-06:00 Denver,1919.3296685625 kBTU
2018-10-04T15:45:00-06:00 Denver,1919.3296685625 kBTU
2018-10-04T16:00:00-06:00 Denver,1839.3575990390625 kBTU
2018-10-04T16:15:00-06:00 Denver,1999.3017380859376 kBTU
2018-10-04T16:30:00-06:00 Denver,1786.0428860234376 kBTU
2018-10-04T16:45:00-06:00 Denver,1812.7002425312498 kBTU
2018-10-04T17:00:00-06:00 Denver,3252.1974939531246 kBTU
2018-10-04T17:15:00-06:00 Denver,3278.8548504609375 kBTU
2018-10-04T17:30:00-06:00 Denver,1892.6723120546876 kBTU
2018-10-04T17:45:00-06:00 Denver,1812.7002425312498 kBTU
2018-10-04T18:00:00-06:00 Denver,1919.3296685625 kBTU
2018-10-04T18:15:00-06:00 Denver,1972.644381578125 kBTU
2018-10-04T18:30:00-06:00 Denver,1972.644381578125 kBTU
2018-10-04T18:45:00-06:00 Denver,1812.7002425312498 kBTU
2018-10-04T19:00:00-06:00 Denver,1786.0428860234376 kBTU
2018-10-04T19:15:00-06:00 Denver,1812.7002425312498 kBTU
2018-10-04T19:30:00-06:00 Denver,1759.3855295156252 kBTU
2018-10-04T19:45:00-06:00 Denver,1919.3296685625 kBTU
2018-10-04T20:00:00-06:00 Denver,1812.7002425312498 kBTU
2018-10-04T20:15:00-06:00 Denver,1866.014955546875 kBTU
2018-10-04T20:30:00-06:00 Denver,399.86034761718753 kBTU
2018-10-04T20:45:00-06:00 Denver,213.2588520625 kBTU
2018-10-04T21:00:00-06:00 Denver,266.573565078125 kBTU
2018-10-04T21:15:00-06:00 Denver,133.2867825390625 kBTU
2018-10-04T21:30:00-06:00 Denver,106.62942603125 kBTU
2018-10-04T21:45:00-06:00 Denver,106.62942603125 kBTU
2018-10-04T22:00:00-06:00 Denver,133.2867825390625 kBTU
2018-10-04T22:15:00-06:00 Denver,213.2588520625 kBTU
2018-10-04T22:30:00-06:00 Denver,239.9162085703125 kBTU
2018-10-04T22:45:00-06:00 Denver,133.2867825390625 kBTU
2018-10-04T23:00:00-06:00 Denver,106.62942603125 kBTU
2018-10-04T23:15:00-06:00 Denver,239.9162085703125 kBTU
2018-10-04T23:30:00-06:00 Denver,293.2309215859375 kBTU
2018-10-04T23:45:00-06:00 Denver,133.2867825390625 kBTU
2018-10-05T00:00:00-06:00 Denver,106.62942603125 kBTU
2018-10-05T00:15:00-06:00 Denver,133.2867825390625 kBTU
2018-10-05T00:30:00-06:00 Denver,159.944139046875 kBTU
2018-10-05T00:45:00-06:00 Denver,293.2309215859375 kBTU
2018-10-05T01:00:00-06:00 Denver,133.2867825390625 kBTU
2018-10-05T01:15:00-06:00 Denver,106.62942603125 kBTU
2018-10-05T01:30:00-06:00 Denver,133.2867825390625 kBTU
2018-10-05T01:45:00-06:00 Denver,213.2588520625 kBTU
2018-10-05T02:00:00-06:00 Denver,346.54563460156254 kBTU
2018-10-05T02:15:00-06:00 Denver,133.2867825390625 kBTU
2018-10-05T02:30:00-06:00 Denver,159.944139046875 kBTU
2018-10-05T02:45:00-06:00 Denver,186.6014955546875 kBTU
2018-10-05T03:00:00-06:00 Denver,133.2867825390625 kBTU
2018-10-05T03:15:00-06:00 Denver,239.9162085703125 kBTU
2018-10-05T03:30:00-06:00 Denver,79.9720695234375 kBTU
2018-10-05T03:45:00-06:00 Denver,159.944139046875 kBTU
2018-10-05T04:00:00-06:00 Denver,133.2867825390625 kBTU
2018-10-05T04:15:00-06:00 Denver,133.2867825390625 kBTU
2018-10-05T04:30:00-06:00 Denver,346.54563460156254 kBTU
2018-10-05T04:45:00-06:00 Denver,239.9162085703125 kBTU
2018-10-05T05:00:00-06:00 Denver,159.944139046875 kBTU
2018-10-05T05:15:00-06:00 Denver,106.62942603125 kBTU
2018-10-05T05:30:00-06:00 Denver,159.944139046875 kBTU
2018-10-05T05:45:00-06:00 Denver,213.2588520625 kBTU
2018-10-05T06:00:00-06:00 Denver,133.2867825390625 kBTU
2018-10-05T06:15:00-06:00 Denver,106.62942603125 kBTU
2018-10-05T06:30:00-06:00 Denver,133.2867825390625 kBTU
2018-10-05T06:45:00-06:00 Denver,159.944139046875 kBTU
2018-10-05T07:00:00-06:00 Denver,373.202991109375 kBTU
2018-10-05T07:15:00-06:00 Denver,213.2588520625 kBTU
2018-10-05T07:30:00-06:00 Denver,1706.0708165 kBTU
2018-10-05T07:45:00-06:00 Denver,1945.9870250703127 kBTU
2018-10-05T08:00:00-06:00 Denver,1972.644381578125 kBTU
2018-10-05T08:15:00-06:00 Denver,1892.6723120546876 kBTU
2018-10-05T08:30:00-06:00 Denver,1839.3575990390625 kBTU
2018-10-05T08:45:00-06:00 Denver,1919.3296685625 kBTU
2018-10-05T09:00:00-06:00 Denver,1839.3575990390625 kBTU
2018-10-05T09:15:00-06:00 Denver,1839.3575990390625 kBTU
2018-10-05T09:30:00-06:00 Denver,1972.644381578125 kBTU
2018-10-05T09:45:00-06:00 Denver,1945.9870250703127 kBTU
2018-10-05T10:00:00-06:00 Denver,1812.7002425312498 kBTU
2018-10-05T10:15:00-06:00 Denver,1759.3855295156252 kBTU
2018-10-05T10:30:00-06:00 Denver,1812.7002425312498 kBTU
2018-10-05T10:45:00-06:00 Denver,1919.3296685625 kBTU
2018-10-05T11:00:00-06:00 Denver,1839.3575990390625 kBTU
2018-10-05T11:15:00-06:00 Denver,1839.3575990390625 kBTU
2018-10-05T11:30:00-06:00 Denver,1812.7002425312498 kBTU
2018-10-05T11:45:00-06:00 Denver,2239.2179466562498 kBTU
2018-10-05T12:00:00-06:00 Denver,5518.072797117187 kBTU
2018-10-05T12:15:00-06:00 Denver,1866.014955546875 kBTU
2018-10-05T12:30:00-06:00 Denver,1839.3575990390625 kBTU
2018-10-05T12:45:00-06:00 Denver,1306.2104688828124 kBTU
2018-10-05T13:00:00-06:00 Denver,1626.0987469765623 kBTU
2018-10-05T13:15:00-06:00 Denver,2559.10622475 kBTU
2018-10-05T13:30:00-06:00 Denver,2505.791511734375 kBTU
2018-10-05T13:45:00-06:00 Denver,2559.10622475 kBTU
2018-10-05T14:00:00-06:00 Denver,2559.10622475 kBTU
2018-10-05T14:15:00-06:00 Denver,2479.1341552265626 kBTU
2018-10-05T14:30:00-06:00 Denver,2878.99450284375 kBTU
2018-10-05T14:45:00-06:00 Denver,2692.3930072890626 kBTU
2018-10-05T15:00:00-06:00 Denver,3891.9740501406254 kBTU
2018-10-05T15:15:00-06:00 Denver,3652.0578415703126 kBTU
2018-10-05T15:30:00-06:00 Denver,2559.10622475 kBTU
2018-10-05T15:45:00-06:00 Denver,2799.0224333203123 kBTU
2018-10-05T16:00:00-06:00 Denver,2692.3930072890626 kBTU
2018-10-05T16:15:00-06:00 Denver,2692.3930072890626 kBTU
2018-10-05T16:30:00-06:00 Denver,2612.420937765625 kBTU
2018-10-05T16:45:00-06:00 Denver,2665.73565078125 kBTU
2018-10-05T17:00:00-06:00 Denver,2932.309215859375 kBTU
2018-10-05T17:15:00-06:00 Denver,2639.0782942734377 kBTU
2018-10-05T17:30:00-06:00 Denver,1759.3855295156252 kBTU
2018-10-05T17:45:00-06:00 Denver,1812.7002425312498 kBTU
2018-10-05T18:00:00-06:00 Denver,1812.7002425312498 kBTU
2018-10-05T18:15:00-06:00 Denver,1786.0428860234376 kBTU
2018-10-05T18:30:00-06:00 Denver,1945.9870250703127 kBTU
2018-10-05T18:45:00-06:00 Denver,1759.3855295156252 kBTU
2018-10-05T19:00:00-06:00 Denver,1892.6723120546876 kBTU
2018-10-05T19:15:00-06:00 Denver,1892.6723120546876 kBTU
2018-10-05T19:30:00-06:00 Denver,1919.3296685625 kBTU
2018-10-05T19:45:00-06:00 Denver,1999.3017380859376 kBTU
2018-10-05T20:00:00-06:00 Denver,1812.7002425312498 kBTU
2018-10-05T20:15:00-06:00 Denver,1839.3575990390625 kBTU
2018-10-05T20:30:00-06:00 Denver,533.14713015625 kBTU
2018-10-05T20:45:00-06:00 Denver,239.9162085703125 kBTU
2018-10-05T21:00:00-06:00 Denver,133.2867825390625 kBTU
2018-10-05T21:15:00-06:00 Denver,79.9720695234375 kBTU
2018-10-05T21:30:00-06:00 Denver,159.944139046875 kBTU
2018-10-05T21:45:00-06:00 Denver,239.9162085703125 kBTU
2018-10-05T22:00:00-06:00 Denver,239.9162085703125 kBTU
2018-10-05T22:15:00-06:00 Denver,293.2309215859375 kBTU
2018-10-05T22:30:00-06:00 Denver,133.2867825390625 kBTU
2018-10-05T22:45:00-06:00 Denver,106.62942603125 kBTU
2018-10-05T23:00:00-06:00 Denver,133.2867825390625 kBTU
2018-10-05T23:15:00-06:00 Denver,133.2867825390625 kBTU
2018-10-05T23:30:00-06:00 Denver,239.9162085703125 kBTU
2018-10-05T23:45:00-06:00 Denver,106.62942603125 kBTU
2018-10-06T00:00:00-06:00 Denver,213.2588520625 kBTU
2018-10-06T00:15:00-06:00 Denver,159.944139046875 kBTU
2018-10-06T00:30:00-06:00 Denver,239.9162085703125 kBTU
2018-10-06T00:45:00-06:00 Denver,319.88827809375 kBTU
2018-10-06T01:00:00-06:00 Denver,133.2867825390625 kBTU
2018-10-06T01:15:00-06:00 Denver,106.62942603125 kBTU
2018-10-06T01:30:00-06:00 Denver,133.2867825390625 kBTU
2018-10-06T01:45:00-06:00 Denver,133.2867825390625 kBTU
2018-10-06T02:00:00-06:00 Denver,239.9162085703125 kBTU
2018-10-06T02:15:00-06:00 Denver,186.6014955546875 kBTU
2018-10-06T02:30:00-06:00 Denver,186.6014955546875 kBTU
2018-10-06T02:45:00-06:00 Denver,106.62942603125 kBTU
2018-10-06T03:00:00-06:00 Denver,186.6014955546875 kBTU
2018-10-06T03:15:00-06:00 Denver,373.202991109375 kBTU
2018-10-06T03:30:00-06:00 Denver,159.944139046875 kBTU
2018-10-06T03:45:00-06:00 Denver,133.2867825390625 kBTU
2018-10-06T04:00:00-06:00 Denver,106.62942603125 kBTU
2018-10-06T04:15:00-06:00 Denver,159.944139046875 kBTU
2018-10-06T04:30:00-06:00 Denver,293.2309215859375 kBTU
2018-10-06T04:45:00-06:00 Denver,159.944139046875 kBTU
2018-10-06T05:00:00-06:00 Denver,159.944139046875 kBTU
2018-10-06T05:15:00-06:00 Denver,2719.050363796875 kBTU
2018-10-06T05:30:00-06:00 Denver,133.2867825390625 kBTU
2018-10-06T05:45:00-06:00 Denver,399.86034761718753 kBTU
2018-10-06T06:00:00-06:00 Denver,159.944139046875 kBTU
2018-10-06T06:15:00-06:00 Denver,133.2867825390625 kBTU
2018-10-06T06:30:00-06:00 Denver,213.2588520625 kBTU
2018-10-06T06:45:00-06:00 Denver,133.2867825390625 kBTU
2018-10-06T07:00:00-06:00 Denver,266.573565078125 kBTU
2018-10-06T07:15:00-06:00 Denver,106.62942603125 kBTU
2018-10-06T07:30:00-06:00 Denver,133.2867825390625 kBTU
2018-10-06T07:45:00-06:00 Denver,106.62942603125 kBTU
2018-10-06T08:00:00-06:00 Denver,133.2867825390625 kBTU
2018-10-06T08:15:00-06:00 Denver,266.573565078125 kBTU
2018-10-06T08:30:00-06:00 Denver,293.2309215859375 kBTU
2018-10-06T08:45:00-06:00 Denver,186.6014955546875 kBTU
2018-10-06T09:00:00-06:00 Denver,133.2867825390625 kBTU
2018-10-06T09:15:00-06:00 Denver,133.2867825390625 kBTU
2018-10-06T09:30:00-06:00 Denver,239.9162085703125 kBTU
2018-10-06T09:45:00-06:00 Denver,106.62942603125 kBTU
2018-10-06T10:00:00-06:00 Denver,133.2867825390625 kBTU
2018-10-06T10:15:00-06:00 Denver,106.62942603125 kBTU
2018-10-06T10:30:00-06:00 Denver,133.2867825390625 kBTU
2018-10-06T10:45:00-06:00 Denver,319.88827809375 kBTU
2018-10-06T11:00:00-06:00 Denver,266.573565078125 kBTU
2018-10-06T11:15:00-06:00 Denver,213.2588520625 kBTU
2018-10-06T11:30:00-06:00 Denver,106.62942603125 kBTU
2018-10-06T11:45:00-06:00 Denver,133.2867825390625 kBTU
2018-10-06T12:00:00-06:00 Denver,239.9162085703125 kBTU
2018-10-06T12:15:00-06:00 Denver,133.2867825390625 kBTU
2018-10-06T12:30:00-06:00 Denver,106.62942603125 kBTU
2018-10-06T12:45:00-06:00 Denver,186.6014955546875 kBTU
2018-10-06T13:00:00-06:00 Denver,133.2867825390625 kBTU
2018-10-06T13:15:00-06:00 Denver,239.9162085703125 kBTU
2018-10-06T13:30:00-06:00 Denver,159.944139046875 kBTU
2018-10-06T13:45:00-06:00 Denver,213.2588520625 kBTU
2018-10-06T14:00:00-06:00 Denver,186.6014955546875 kBTU
2018-10-06T14:15:00-06:00 Denver,133.2867825390625 kBTU
2018-10-06T14:30:00-06:00 Denver,239.9162085703125 kBTU
2018-10-06T14:45:00-06:00 Denver,133.2867825390625 kBTU
2018-10-06T15:00:00-06:00 Denver,159.944139046875 kBTU
2018-10-06T15:15:00-06:00 Denver,159.944139046875 kBTU
2018-10-06T15:30:00-06:00 Denver,133.2867825390625 kBTU
2018-10-06T15:45:00-06:00 Denver,186.6014955546875 kBTU
2018-10-06T16:00:00-06:00 Denver,159.944139046875 kBTU
2018-10-06T16:15:00-06:00 Denver,186.6014955546875 kBTU
2018-10-06T16:30:00-06:00 Denver,213.2588520625 kBTU
2018-10-06T16:45:00-06:00 Denver,106.62942603125 kBTU
2018-10-06T17:00:00-06:00 Denver,159.944139046875 kBTU
2018-10-06T17:15:00-06:00 Denver,213.2588520625 kBTU
2018-10-06T17:30:00-06:00 Denver,106.62942603125 kBTU
2018-10-06T17:45:00-06:00 Denver,133.2867825390625 kBTU
2018-10-06T18:00:00-06:00 Denver,133.2867825390625 kBTU
2018-10-06T18:15:00-06:00 Denver,159.944139046875 kBTU
2018-10-06T18:30:00-06:00 Denver,186.6014955546875 kBTU
2018-10-06T18:45:00-06:00 Denver,133.2867825390625 kBTU
2018-10-06T19:00:00-06:00 Denver,186.6014955546875 kBTU
2018-10-06T19:15:00-06:00 Denver,213.2588520625 kBTU
2018-10-06T19:30:00-06:00 Denver,186.6014955546875 kBTU
2018-10-06T19:45:00-06:00 Denver,266.573565078125 kBTU
2018-10-06T20:00:00-06:00 Denver,133.2867825390625 kBTU
2018-10-06T20:15:00-06:00 Denver,133.2867825390625 kBTU
2018-10-06T20:30:00-06:00 Denver,106.62942603125 kBTU
2018-10-06T20:45:00-06:00 Denver,159.944139046875 kBTU
2018-10-06T21:00:00-06:00 Denver,213.2588520625 kBTU
2018-10-06T21:15:00-06:00 Denver,106.62942603125 kBTU
2018-10-06T21:30:00-06:00 Denver,159.944139046875 kBTU
2018-10-06T21:45:00-06:00 Denver,266.573565078125 kBTU
2018-10-06T22:00:00-06:00 Denver,239.9162085703125 kBTU
2018-10-06T22:15:00-06:00 Denver,239.9162085703125 kBTU
2018-10-06T22:30:00-06:00 Denver,106.62942603125 kBTU
2018-10-06T22:45:00-06:00 Denver,133.2867825390625 kBTU
2018-10-06T23:00:00-06:00 Denver,106.62942603125 kBTU
2018-10-06T23:15:00-06:00 Denver,133.2867825390625 kBTU
2018-10-06T23:30:00-06:00 Denver,239.9162085703125 kBTU
2018-10-06T23:45:00-06:00 Denver,133.2867825390625 kBTU
2018-10-07T00:00:00-06:00 Denver,213.2588520625 kBTU
2018-10-07T00:15:00-06:00 Denver,159.944139046875 kBTU
2018-10-07T00:30:00-06:00 Denver,239.9162085703125 kBTU
2018-10-07T00:45:00-06:00 Denver,293.2309215859375 kBTU
2018-10-07T01:00:00-06:00 Denver,133.2867825390625 kBTU
2018-10-07T01:15:00-06:00 Denver,106.62942603125 kBTU
2018-10-07T01:30:00-06:00 Denver,133.2867825390625 kBTU
2018-10-07T01:45:00-06:00 Denver,133.2867825390625 kBTU
2018-10-07T02:00:00-06:00 Denver,239.9162085703125 kBTU
2018-10-07T02:15:00-06:00 Denver,186.6014955546875 kBTU
2018-10-07T02:30:00-06:00 Denver,159.944139046875 kBTU
2018-10-07T02:45:00-06:00 Denver,3305.51220696875 kBTU
2018-10-07T03:00:00-06:00 Denver,293.2309215859375 kBTU
2018-10-07T03:15:00-06:00 Denver,346.54563460156254 kBTU
2018-10-07T03:30:00-06:00 Denver,159.944139046875 kBTU
2018-10-07T03:45:00-06:00 Denver,106.62942603125 kBTU
2018-10-07T04:00:00-06:00 Denver,133.2867825390625 kBTU
2018-10-07T04:15:00-06:00 Denver,159.944139046875 kBTU
2018-10-07T04:30:00-06:00 Denver,319.88827809375 kBTU
2018-10-07T04:45:00-06:00 Denver,133.2867825390625 kBTU
2018-10-07T05:00:00-06:00 Denver,159.944139046875 kBTU
2018-10-07T05:15:00-06:00 Denver,79.9720695234375 kBTU
2018-10-07T05:30:00-06:00 Denver,159.944139046875 kBTU
2018-10-07T05:45:00-06:00 Denver,293.2309215859375 kBTU
2018-10-07T06:00:00-06:00 Denver,239.9162085703125 kBTU
2018-10-07T06:15:00-06:00 Denver,133.2867825390625 kBTU
2018-10-07T06:30:00-06:00 Denver,186.6014955546875 kBTU
2018-10-07T06:45:00-06:00 Denver,186.6014955546875 kBTU
2018-10-07T07:00:00-06:00 Denver,213.2588520625 kBTU
2018-10-07T07:15:00-06:00 Denver,133.2867825390625 kBTU
2018-10-07T07:30:00-06:00 Denver,133.2867825390625 kBTU
2018-10-07T07:45:00-06:00 Denver,106.62942603125 kBTU
2018-10-07T08:00:00-06:00 Denver,159.944139046875 kBTU
2018-10-07T08:15:00-06:00 Denver,213.2588520625 kBTU
2018-10-07T08:30:00-06:00 Denver,159.944139046875 kBTU
2018-10-07T08:45:00-06:00 Denver,319.88827809375 kBTU
2018-10-07T09:00:00-06:00 Denver,213.2588520625 kBTU
2018-10-07T09:15:00-06:00 Denver,239.9162085703125 kBTU
2018-10-07T09:30:00-06:00 Denver,79.9720695234375 kBTU
2018-10-07T09:45:00-06:00 Denver,159.944139046875 kBTU
2018-10-07T10:00:00-06:00 Denver,133.2867825390625 kBTU
2018-10-07T10:15:00-06:00 Denver,106.62942603125 kBTU
2018-10-07T10:30:00-06:00 Denver,159.944139046875 kBTU
2018-10-07T10:45:00-06:00 Denver,213.2588520625 kBTU
2018-10-07T11:00:00-06:00 Denver,186.6014955546875 kBTU
2018-10-07T11:15:00-06:00 Denver,213.2588520625 kBTU
2018-10-07T11:30:00-06:00 Denver,239.9162085703125 kBTU
2018-10-07T11:45:00-06:00 Denver,133.2867825390625 kBTU
2018-10-07T12:00:00-06:00 Denver,239.9162085703125 kBTU
2018-10-07T12:15:00-06:00 Denver,133.2867825390625 kBTU
2018-10-07T12:30:00-06:00 Denver,106.62942603125 kBTU
2018-10-07T12:45:00-06:00 Denver,133.2867825390625 kBTU
2018-10-07T13:00:00-06:00 Denver,133.2867825390625 kBTU
2018-10-07T13:15:00-06:00 Denver,239.9162085703125 kBTU
2018-10-07T13:30:00-06:00 Denver,346.54563460156254 kBTU
2018-10-07T13:45:00-06:00 Denver,746.40598221875 kBTU
2018-10-07T14:00:00-06:00 Denver,826.3780517421875 kBTU
2018-10-07T14:15:00-06:00 Denver,853.03540825 kBTU
2018-10-07T14:30:00-06:00 Denver,959.66483428125 kBTU
2018-10-07T14:45:00-06:00 Denver,746.40598221875 kBTU
2018-10-07T15:00:00-06:00 Denver,719.7486257109375 kBTU
2018-10-07T15:15:00-06:00 Denver,773.0633387265625 kBTU
2018-10-07T15:30:00-06:00 Denver,826.3780517421875 kBTU
2018-10-07T15:45:00-06:00 Denver,879.6927647578126 kBTU
2018-10-07T16:00:00-06:00 Denver,346.54563460156254 kBTU
2018-10-07T16:15:00-06:00 Denver,133.2867825390625 kBTU
2018-10-07T16:30:00-06:00 Denver,106.62942603125 kBTU
2018-10-07T16:45:00-06:00 Denver,266.573565078125 kBTU
2018-10-07T17:00:00-06:00 Denver,266.573565078125 kBTU
2018-10-07T17:15:00-06:00 Denver,159.944139046875 kBTU
2018-10-07T17:30:00-06:00 Denver,133.2867825390625 kBTU
2018-10-07T17:45:00-06:00 Denver,159.944139046875 kBTU
2018-10-07T18:00:00-06:00 Denver,239.9162085703125 kBTU
2018-10-07T18:15:00-06:00 Denver,133.2867825390625 kBTU
2018-10-07T18:30:00-06:00 Denver,133.2867825390625 kBTU
2018-10-07T18:45:00-06:00 Denver,106.62942603125 kBTU
2018-10-07T19:00:00-06:00 Denver,106.62942603125 kBTU
2018-10-07T19:15:00-06:00 Denver,213.2588520625 kBTU
2018-10-07T19:30:00-06:00 Denver,159.944139046875 kBTU
2018-10-07T19:45:00-06:00 Denver,239.9162085703125 kBTU
2018-10-07T20:00:00-06:00 Denver,266.573565078125 kBTU
2018-10-07T20:15:00-06:00 Denver,239.9162085703125 kBTU
2018-10-07T20:30:00-06:00 Denver,319.88827809375 kBTU
2018-10-07T20:45:00-06:00 Denver,106.62942603125 kBTU
2018-10-07T21:00:00-06:00 Denver,133.2867825390625 kBTU
2018-10-07T21:15:00-06:00 Denver,106.62942603125 kBTU
2018-10-07T21:30:00-06:00 Denver,186.6014955546875 kBTU
2018-10-07T21:45:00-06:00 Denver,186.6014955546875 kBTU
2018-10-07T22:00:00-06:00 Denver,79.9720695234375 kBTU
2018-10-07T22:15:00-06:00 Denver,213.2588520625 kBTU
2018-10-07T22:30:00-06:00 Denver,266.573565078125 kBTU
2018-10-07T22:45:00-06:00 Denver,239.9162085703125 kBTU
2018-10-07T23:00:00-06:00 Denver,186.6014955546875 kBTU
2018-10-07T23:15:00-06:00 Denver,133.2867825390625 kBTU
2018-10-07T23:30:00-06:00 Denver,133.2867825390625 kBTU
2018-10-07T23:45:00-06:00 Denver,106.62942603125 kBTU
2018-10-08T00:00:00-06:00 Denver,239.9162085703125 kBTU
2018-10-08T00:15:00-06:00 Denver,133.2867825390625 kBTU
2018-10-08T00:30:00-06:00 Denver,399.86034761718753 kBTU
2018-10-08T00:45:00-06:00 Denver,2985.623928875 kBTU
2018-10-08T01:00:00-06:00 Denver,186.6014955546875 kBTU
2018-10-08T01:15:00-06:00 Denver,346.54563460156254 kBTU
2018-10-08T01:30:00-06:00 Denver,133.2867825390625 kBTU
2018-10-08T01:45:00-06:00 Denver,133.2867825390625 kBTU
2018-10-08T02:00:00-06:00 Denver,133.2867825390625 kBTU
2018-10-08T02:15:00-06:00 Denver,106.62942603125 kBTU
2018-10-08T02:30:00-06:00 Denver,239.9162085703125 kBTU
2018-10-08T02:45:00-06:00 Denver,133.2867825390625 kBTU
2018-10-08T03:00:00-06:00 Denver,186.6014955546875 kBTU
2018-10-08T03:15:00-06:00 Denver,159.944139046875 kBTU
2018-10-08T03:30:00-06:00 Denver,106.62942603125 kBTU
2018-10-08T03:45:00-06:00 Denver,266.573565078125 kBTU
2018-10-08T04:00:00-06:00 Denver,239.9162085703125 kBTU
2018-10-08T04:15:00-06:00 Denver,186.6014955546875 kBTU
2018-10-08T04:30:00-06:00 Denver,133.2867825390625 kBTU
2018-10-08T04:45:00-06:00 Denver,186.6014955546875 kBTU
2018-10-08T05:00:00-06:00 Denver,159.944139046875 kBTU
2018-10-08T05:15:00-06:00 Denver,159.944139046875 kBTU
2018-10-08T05:30:00-06:00 Denver,159.944139046875 kBTU
2018-10-08T05:45:00-06:00 Denver,133.2867825390625 kBTU
2018-10-08T06:00:00-06:00 Denver,239.9162085703125 kBTU
2018-10-08T06:15:00-06:00 Denver,79.9720695234375 kBTU
2018-10-08T06:30:00-06:00 Denver,1706.0708165 kBTU
2018-10-08T06:45:00-06:00 Denver,1226.238399359375 kBTU
2018-10-08T07:00:00-06:00 Denver,1412.8398949140626 kBTU
2018-10-08T07:15:00-06:00 Denver,133.2867825390625 kBTU
2018-10-08T07:30:00-06:00 Denver,1732.7281730078125 kBTU
2018-10-08T07:45:00-06:00 Denver,1972.644381578125 kBTU
2018-10-08T08:00:00-06:00 Denver,1945.9870250703127 kBTU
2018-10-08T08:15:00-06:00 Denver,1945.9870250703127 kBTU
2018-10-08T08:30:00-06:00 Denver,2025.95909459375 kBTU
2018-10-08T08:45:00-06:00 Denver,1759.3855295156252 kBTU
2018-10-08T09:00:00-06:00 Denver,1945.9870250703127 kBTU
2018-10-08T09:15:00-06:00 Denver,1839.3575990390625 kBTU
2018-10-08T09:30:00-06:00 Denver,2025.95909459375 kBTU
2018-10-08T09:45:00-06:00 Denver,1892.6723120546876 kBTU
2018-10-08T10:00:00-06:00 Denver,1866.014955546875 kBTU
2018-10-08T10:15:00-06:00 Denver,1866.014955546875 kBTU
2018-10-08T10:30:00-06:00 Denver,1786.0428860234376 kBTU
2018-10-08T10:45:00-06:00 Denver,1839.3575990390625 kBTU
2018-10-08T11:00:00-06:00 Denver,1892.6723120546876 kBTU
2018-10-08T11:15:00-06:00 Denver,1786.0428860234376 kBTU
2018-10-08T11:30:00-06:00 Denver,1839.3575990390625 kBTU
2018-10-08T11:45:00-06:00 Denver,1839.3575990390625 kBTU
2018-10-08T12:00:00-06:00 Denver,2025.95909459375 kBTU
2018-10-08T12:15:00-06:00 Denver,1945.9870250703127 kBTU
2018-10-08T12:30:00-06:00 Denver,1839.3575990390625 kBTU
2018-10-08T12:45:00-06:00 Denver,1812.7002425312498 kBTU
2018-10-08T13:00:00-06:00 Denver,1786.0428860234376 kBTU
2018-10-08T13:15:00-06:00 Denver,1812.7002425312498 kBTU
2018-10-08T13:30:00-06:00 Denver,1892.6723120546876 kBTU
2018-10-08T13:45:00-06:00 Denver,1839.3575990390625 kBTU
2018-10-08T14:00:00-06:00 Denver,1839.3575990390625 kBTU
2018-10-08T14:15:00-06:00 Denver,2372.504729195313 kBTU
2018-10-08T14:30:00-06:00 Denver,2025.95909459375 kBTU
2018-10-08T14:45:00-06:00 Denver,1972.644381578125 kBTU
2018-10-08T15:00:00-06:00 Denver,1812.7002425312498 kBTU
2018-10-08T15:15:00-06:00 Denver,1786.0428860234376 kBTU
2018-10-08T15:30:00-06:00 Denver,1786.0428860234376 kBTU
2018-10-08T15:45:00-06:00 Denver,1866.014955546875 kBTU
2018-10-08T16:00:00-06:00 Denver,1892.6723120546876 kBTU
2018-10-08T16:15:00-06:00 Denver,1812.7002425312498 kBTU
2018-10-08T16:30:00-06:00 Denver,1812.7002425312498 kBTU
2018-10-08T16:45:00-06:00 Denver,1945.9870250703127 kBTU
2018-10-08T17:00:00-06:00 Denver,1919.3296685625 kBTU
2018-10-08T17:15:00-06:00 Denver,1972.644381578125 kBTU
2018-10-08T17:30:00-06:00 Denver,1812.7002425312498 kBTU
2018-10-08T17:45:00-06:00 Denver,1759.3855295156252 kBTU
2018-10-08T18:00:00-06:00 Denver,1786.0428860234376 kBTU
2018-10-08T18:15:00-06:00 Denver,1812.7002425312498 kBTU
2018-10-08T18:30:00-06:00 Denver,1866.014955546875 kBTU
2018-10-08T18:45:00-06:00 Denver,1839.3575990390625 kBTU
2018-10-08T19:00:00-06:00 Denver,1839.3575990390625 kBTU
2018-10-08T19:15:00-06:00 Denver,1892.6723120546876 kBTU
2018-10-08T19:30:00-06:00 Denver,1866.014955546875 kBTU
2018-10-08T19:45:00-06:00 Denver,1812.7002425312498 kBTU
2018-10-08T20:00:00-06:00 Denver,1919.3296685625 kBTU
2018-10-08T20:15:00-06:00 Denver,1786.0428860234376 kBTU
2018-10-08T20:30:00-06:00 Denver,559.8044866640624 kBTU
2018-10-08T20:45:00-06:00 Denver,106.62942603125 kBTU
2018-10-08T21:00:00-06:00 Denver,186.6014955546875 kBTU
2018-10-08T21:15:00-06:00 Denver,239.9162085703125 kBTU
2018-10-08T21:30:00-06:00 Denver,159.944139046875 kBTU
2018-10-08T21:45:00-06:00 Denver,159.944139046875 kBTU
2018-10-08T22:00:00-06:00 Denver,213.2588520625 kBTU
2018-10-08T22:15:00-06:00 Denver,159.944139046875 kBTU
2018-10-08T22:30:00-06:00 Denver,239.9162085703125 kBTU
2018-10-08T22:45:00-06:00 Denver,106.62942603125 kBTU
2018-10-08T23:00:00-06:00 Denver,133.2867825390625 kBTU
2018-10-08T23:15:00-06:00 Denver,213.2588520625 kBTU
2018-10-08T23:30:00-06:00 Denver,133.2867825390625 kBTU
2018-10-08T23:45:00-06:00 Denver,239.9162085703125 kBTU
2018-10-09T00:00:00-06:00 Denver,106.62942603125 kBTU
2018-10-09T00:15:00-06:00 Denver,133.2867825390625 kBTU
2018-10-09T00:30:00-06:00 Denver,239.9162085703125 kBTU
2018-10-09T00:45:00-06:00 Denver,186.6014955546875 kBTU
2018-10-09T01:00:00-06:00 Denver,239.9162085703125 kBTU
2018-10-09T01:15:00-06:00 Denver,106.62942603125 kBTU
2018-10-09T01:30:00-06:00 Denver,213.2588520625 kBTU
2018-10-09T01:45:00-06:00 Denver,133.2867825390625 kBTU
2018-10-09T02:00:00-06:00 Denver,133.2867825390625 kBTU
2018-10-09T02:15:00-06:00 Denver,239.9162085703125 kBTU
2018-10-09T02:30:00-06:00 Denver,106.62942603125 kBTU
2018-10-09T02:45:00-06:00 Denver,133.2867825390625 kBTU
2018-10-09T03:00:00-06:00 Denver,159.944139046875 kBTU
2018-10-09T03:15:00-06:00 Denver,346.54563460156254 kBTU
2018-10-09T03:30:00-06:00 Denver,186.6014955546875 kBTU
2018-10-09T03:45:00-06:00 Denver,159.944139046875 kBTU
2018-10-09T04:00:00-06:00 Denver,159.944139046875 kBTU
2018-10-09T04:15:00-06:00 Denver,133.2867825390625 kBTU
2018-10-09T04:30:00-06:00 Denver,239.9162085703125 kBTU
2018-10-09T04:45:00-06:00 Denver,533.14713015625 kBTU
2018-10-09T05:00:00-06:00 Denver,2852.3371463359376 kBTU
2018-10-09T05:15:00-06:00 Denver,133.2867825390625 kBTU
2018-10-09T05:30:00-06:00 Denver,106.62942603125 kBTU
2018-10-09T05:45:00-06:00 Denver,213.2588520625 kBTU
2018-10-09T06:00:00-06:00 Denver,346.54563460156254 kBTU
2018-10-09T06:15:00-06:00 Denver,186.6014955546875 kBTU
2018-10-09T06:30:00-06:00 Denver,133.2867825390625 kBTU
2018-10-09T06:45:00-06:00 Denver,133.2867825390625 kBTU
2018-10-09T07:00:00-06:00 Denver,106.62942603125 kBTU
2018-10-09T07:15:00-06:00 Denver,373.202991109375 kBTU
2018-10-09T07:30:00-06:00 Denver,1679.4134599921874 kBTU
2018-10-09T07:45:00-06:00 Denver,1919.3296685625 kBTU
2018-10-09T08:00:00-06:00 Denver,1945.9870250703127 kBTU
2018-10-09T08:15:00-06:00 Denver,1999.3017380859376 kBTU
2018-10-09T08:30:00-06:00 Denver,2079.273807609375 kBTU
2018-10-09T08:45:00-06:00 Denver,1919.3296685625 kBTU
2018-10-09T09:00:00-06:00 Denver,1866.014955546875 kBTU
2018-10-09T09:15:00-06:00 Denver,1812.7002425312498 kBTU
2018-10-09T09:30:00-06:00 Denver,1919.3296685625 kBTU
2018-10-09T09:45:00-06:00 Denver,1812.7002425312498 kBTU
2018-10-09T10:00:00-06:00 Denver,1759.3855295156252 kBTU
2018-10-09T10:15:00-06:00 Denver,1812.7002425312498 kBTU
2018-10-09T10:30:00-06:00 Denver,1812.7002425312498 kBTU
2018-10-09T10:45:00-06:00 Denver,2025.95909459375 kBTU
2018-10-09T11:00:00-06:00 Denver,1892.6723120546876 kBTU
2018-10-09T11:15:00-06:00 Denver,1919.3296685625 kBTU
2018-10-09T11:30:00-06:00 Denver,1812.7002425312498 kBTU
2018-10-09T11:45:00-06:00 Denver,1812.7002425312498 kBTU
2018-10-09T12:00:00-06:00 Denver,1892.6723120546876 kBTU
2018-10-09T12:15:00-06:00 Denver,1812.7002425312498 kBTU
2018-10-09T12:30:00-06:00 Denver,1786.0428860234376 kBTU
2018-10-09T12:45:00-06:00 Denver,1839.3575990390625 kBTU
2018-10-09T13:00:00-06:00 Denver,1866.014955546875 kBTU
2018-10-09T13:15:00-06:00 Denver,1919.3296685625 kBTU
2018-10-09T13:30:00-06:00 Denver,1866.014955546875 kBTU
2018-10-09T13:45:00-06:00 Denver,1919.3296685625 kBTU
2018-10-09T14:00:00-06:00 Denver,1812.7002425312498 kBTU
2018-10-09T14:15:00-06:00 Denver,1626.0987469765623 kBTU
2018-10-09T14:30:00-06:00 Denver,1812.7002425312498 kBTU
2018-10-09T14:45:00-06:00 Denver,1812.7002425312498 kBTU
2018-10-09T15:00:00-06:00 Denver,1839.3575990390625 kBTU
2018-10-09T15:15:00-06:00 Denver,1839.3575990390625 kBTU
2018-10-09T15:30:00-06:00 Denver,1812.7002425312498 kBTU
2018-10-09T15:45:00-06:00 Denver,1945.9870250703127 kBTU
2018-10-09T16:00:00-06:00 Denver,1866.014955546875 kBTU
2018-10-09T16:15:00-06:00 Denver,1919.3296685625 kBTU
2018-10-09T16:30:00-06:00 Denver,1839.3575990390625 kBTU
2018-10-09T16:45:00-06:00 Denver,1812.7002425312498 kBTU
2018-10-09T17:00:00-06:00 Denver,1972.644381578125 kBTU
2018-10-09T17:15:00-06:00 Denver,1839.3575990390625 kBTU
2018-10-09T17:30:00-06:00 Denver,1839.3575990390625 kBTU
2018-10-09T17:45:00-06:00 Denver,1812.7002425312498 kBTU
2018-10-09T18:00:00-06:00 Denver,1812.7002425312498 kBTU
2018-10-09T18:15:00-06:00 Denver,1945.9870250703127 kBTU
2018-10-09T18:30:00-06:00 Denver,1892.6723120546876 kBTU
2018-10-09T18:45:00-06:00 Denver,1919.3296685625 kBTU
2018-10-09T19:00:00-06:00 Denver,1866.014955546875 kBTU
2018-10-09T19:15:00-06:00 Denver,1866.014955546875 kBTU
2018-10-09T19:30:00-06:00 Denver,1866.014955546875 kBTU
2018-10-09T19:45:00-06:00 Denver,1892.6723120546876 kBTU
2018-10-09T20:00:00-06:00 Denver,1812.7002425312498 kBTU
2018-10-09T20:15:00-06:00 Denver,1786.0428860234376 kBTU
2018-10-09T20:30:00-06:00 Denver,426.517704125 kBTU
2018-10-09T20:45:00-06:00 Denver,106.62942603125 kBTU
2018-10-09T21:00:00-06:00 Denver,319.88827809375 kBTU
2018-10-09T21:15:00-06:00 Denver,239.9162085703125 kBTU
2018-10-09T21:30:00-06:00 Denver,213.2588520625 kBTU
2018-10-09T21:45:00-06:00 Denver,133.2867825390625 kBTU
2018-10-09T22:00:00-06:00 Denver,106.62942603125 kBTU
2018-10-09T22:15:00-06:00 Denver,266.573565078125 kBTU
2018-10-09T22:30:00-06:00 Denver,106.62942603125 kBTU
2018-10-09T22:45:00-06:00 Denver,133.2867825390625 kBTU
2018-10-09T23:00:00-06:00 Denver,106.62942603125 kBTU
2018-10-09T23:15:00-06:00 Denver,133.2867825390625 kBTU
2018-10-09T23:30:00-06:00 Denver,346.54563460156254 kBTU
2018-10-09T23:45:00-06:00 Denver,266.573565078125 kBTU
2018-10-10T00:00:00-06:00 Denver,213.2588520625 kBTU
2018-10-10T00:15:00-06:00 Denver,106.62942603125 kBTU
2018-10-10T00:30:00-06:00 Denver,133.2867825390625 kBTU
2018-10-10T00:45:00-06:00 Denver,239.9162085703125 kBTU
2018-10-10T01:00:00-06:00 Denver,133.2867825390625 kBTU
2018-10-10T01:15:00-06:00 Denver,133.2867825390625 kBTU
2018-10-10T01:30:00-06:00 Denver,133.2867825390625 kBTU
2018-10-10T01:45:00-06:00 Denver,186.6014955546875 kBTU
2018-10-10T02:00:00-06:00 Denver,186.6014955546875 kBTU
2018-10-10T02:15:00-06:00 Denver,319.88827809375 kBTU
2018-10-10T02:30:00-06:00 Denver,1492.8119644375 kBTU
2018-10-10T02:45:00-06:00 Denver,1945.9870250703127 kBTU
2018-10-10T03:00:00-06:00 Denver,133.2867825390625 kBTU
2018-10-10T03:15:00-06:00 Denver,133.2867825390625 kBTU
2018-10-10T03:30:00-06:00 Denver,239.9162085703125 kBTU
2018-10-10T03:45:00-06:00 Denver,133.2867825390625 kBTU
2018-10-10T04:00:00-06:00 Denver,213.2588520625 kBTU
2018-10-10T04:15:00-06:00 Denver,133.2867825390625 kBTU
2018-10-10T04:30:00-06:00 Denver,133.2867825390625 kBTU
2018-10-10T04:45:00-06:00 Denver,239.9162085703125 kBTU
2018-10-10T05:00:00-06:00 Denver,239.9162085703125 kBTU
2018-10-10T05:15:00-06:00 Denver,213.2588520625 kBTU
2018-10-10T05:30:00-06:00 Denver,133.2867825390625 kBTU
2018-10-10T05:45:00-06:00 Denver,106.62942603125 kBTU
2018-10-10T06:00:00-06:00 Denver,239.9162085703125 kBTU
2018-10-10T06:15:00-06:00 Denver,159.944139046875 kBTU
2018-10-10T06:30:00-06:00 Denver,186.6014955546875 kBTU
2018-10-10T06:45:00-06:00 Denver,133.2867825390625 kBTU
2018-10-10T07:00:00-06:00 Denver,106.62942603125 kBTU
2018-10-10T07:15:00-06:00 Denver,186.6014955546875 kBTU
2018-10-10T07:30:00-06:00 Denver,1706.0708165 kBTU
2018-10-10T07:45:00-06:00 Denver,2025.95909459375 kBTU
2018-10-10T08:00:00-06:00 Denver,2052.6164511015622 kBTU
2018-10-10T08:15:00-06:00 Denver,1945.9870250703127 kBTU
2018-10-10T08:30:00-06:00 Denver,1999.3017380859376 kBTU
2018-10-10T08:45:00-06:00 Denver,2025.95909459375 kBTU
2018-10-10T09:00:00-06:00 Denver,1999.3017380859376 kBTU
2018-10-10T09:15:00-06:00 Denver,1786.0428860234376 kBTU
2018-10-10T09:30:00-06:00 Denver,1866.014955546875 kBTU
2018-10-10T09:45:00-06:00 Denver,1919.3296685625 kBTU
2018-10-10T10:00:00-06:00 Denver,1892.6723120546876 kBTU
2018-10-10T10:15:00-06:00 Denver,1945.9870250703127 kBTU
2018-10-10T10:30:00-06:00 Denver,2025.95909459375 kBTU
2018-10-10T10:45:00-06:00 Denver,1812.7002425312498 kBTU
2018-10-10T11:00:00-06:00 Denver,1866.014955546875 kBTU
2018-10-10T11:15:00-06:00 Denver,1945.9870250703127 kBTU
2018-10-10T11:30:00-06:00 Denver,1919.3296685625 kBTU
2018-10-10T11:45:00-06:00 Denver,1839.3575990390625 kBTU
2018-10-10T12:00:00-06:00 Denver,1786.0428860234376 kBTU
2018-10-10T12:15:00-06:00 Denver,1839.3575990390625 kBTU
2018-10-10T12:30:00-06:00 Denver,1786.0428860234376 kBTU
2018-10-10T12:45:00-06:00 Denver,2025.95909459375 kBTU
2018-10-10T13:00:00-06:00 Denver,1919.3296685625 kBTU
2018-10-10T13:15:00-06:00 Denver,1839.3575990390625 kBTU
2018-10-10T13:30:00-06:00 Denver,1812.7002425312498 kBTU
2018-10-10T13:45:00-06:00 Denver,1839.3575990390625 kBTU
2018-10-10T14:00:00-06:00 Denver,1945.9870250703127 kBTU
2018-10-10T14:15:00-06:00 Denver,1812.7002425312498 kBTU
2018-10-10T14:30:00-06:00 Denver,1759.3855295156252 kBTU
2018-10-10T14:45:00-06:00 Denver,1839.3575990390625 kBTU
2018-10-10T15:00:00-06:00 Denver,1786.0428860234376 kBTU
2018-10-10T15:15:00-06:00 Denver,1892.6723120546876 kBTU
2018-10-10T15:30:00-06:00 Denver,1919.3296685625 kBTU
2018-10-10T15:45:00-06:00 Denver,1332.867825390625 kBTU
2018-10-10T16:00:00-06:00 Denver,1306.2104688828124 kBTU
2018-10-10T16:15:00-06:00 Denver,1359.5251818984375 kBTU
2018-10-10T16:30:00-06:00 Denver,1759.3855295156252 kBTU
2018-10-10T16:45:00-06:00 Denver,1919.3296685625 kBTU
2018-10-10T17:00:00-06:00 Denver,1812.7002425312498 kBTU
2018-10-10T17:15:00-06:00 Denver,1812.7002425312498 kBTU
2018-10-10T17:30:00-06:00 Denver,1812.7002425312498 kBTU
2018-10-10T17:45:00-06:00 Denver,1866.014955546875 kBTU
2018-10-10T18:00:00-06:00 Denver,2025.95909459375 kBTU
2018-10-10T18:15:00-06:00 Denver,1839.3575990390625 kBTU
2018-10-10T18:30:00-06:00 Denver,1839.3575990390625 kBTU
2018-10-10T18:45:00-06:00 Denver,1919.3296685625 kBTU
2018-10-10T19:00:00-06:00 Denver,1759.3855295156252 kBTU
2018-10-10T19:15:00-06:00 Denver,1839.3575990390625 kBTU
2018-10-10T19:30:00-06:00 Denver,1919.3296685625 kBTU
2018-10-10T19:45:00-06:00 Denver,1759.3855295156252 kBTU
2018-10-10T20:00:00-06:00 Denver,1866.014955546875 kBTU
2018-10-10T20:15:00-06:00 Denver,1866.014955546875 kBTU
2018-10-10T20:30:00-06:00 Denver,586.461843171875 kBTU
2018-10-10T20:45:00-06:00 Denver,239.9162085703125 kBTU
2018-10-10T21:00:00-06:00 Denver,159.944139046875 kBTU
2018-10-10T21:15:00-06:00 Denver,133.2867825390625 kBTU
2018-10-10T21:30:00-06:00 Denver,106.62942603125 kBTU
2018-10-10T21:45:00-06:00 Denver,133.2867825390625 kBTU
2018-10-10T22:00:00-06:00 Denver,213.2588520625 kBTU
2018-10-10T22:15:00-06:00 Denver,133.2867825390625 kBTU
2018-10-10T22:30:00-06:00 Denver,106.62942603125 kBTU
2018-10-10T22:45:00-06:00 Denver,3518.7710590312504 kBTU
2018-10-10T23:00:00-06:00 Denver,186.6014955546875 kBTU
2018-10-10T23:15:00-06:00 Denver,293.2309215859375 kBTU
2018-10-10T23:30:00-06:00 Denver,186.6014955546875 kBTU
2018-10-10T23:45:00-06:00 Denver,133.2867825390625 kBTU
2018-10-11T00:00:00-06:00 Denver,106.62942603125 kBTU
2018-10-11T00:15:00-06:00 Denver,106.62942603125 kBTU
2018-10-11T00:30:00-06:00 Denver,239.9162085703125 kBTU
2018-10-11T00:45:00-06:00 Denver,133.2867825390625 kBTU
2018-10-11T01:00:00-06:00 Denver,106.62942603125 kBTU
2018-10-11T01:15:00-06:00 Denver,133.2867825390625 kBTU
2018-10-11T01:30:00-06:00 Denver,213.2588520625 kBTU
2018-10-11T01:45:00-06:00 Denver,266.573565078125 kBTU
2018-10-11T02:00:00-06:00 Denver,266.573565078125 kBTU
2018-10-11T02:15:00-06:00 Denver,106.62942603125 kBTU
2018-10-11T02:30:00-06:00 Denver,133.2867825390625 kBTU
2018-10-11T02:45:00-06:00 Denver,106.62942603125 kBTU
2018-10-11T03:00:00-06:00 Denver,106.62942603125 kBTU
2018-10-11T03:15:00-06:00 Denver,239.9162085703125 kBTU
2018-10-11T03:30:00-06:00 Denver,133.2867825390625 kBTU
2018-10-11T03:45:00-06:00 Denver,106.62942603125 kBTU
2018-10-11T04:00:00-06:00 Denver,159.944139046875 kBTU
2018-10-11T04:15:00-06:00 Denver,319.88827809375 kBTU
2018-10-11T04:30:00-06:00 Denver,239.9162085703125 kBTU
2018-10-11T04:45:00-06:00 Denver,133.2867825390625 kBTU
2018-10-11T05:00:00-06:00 Denver,133.2867825390625 kBTU
2018-10-11T05:15:00-06:00 Denver,106.62942603125 kBTU
2018-10-11T05:30:00-06:00 Denver,133.2867825390625 kBTU
2018-10-11T05:45:00-06:00 Denver,106.62942603125 kBTU
2018-10-11T06:00:00-06:00 Denver,186.6014955546875 kBTU
2018-10-11T06:15:00-06:00 Denver,106.62942603125 kBTU
2018-10-11T06:30:00-06:00 Denver,186.6014955546875 kBTU
2018-10-11T06:45:00-06:00 Denver,159.944139046875 kBTU
2018-10-11T07:00:00-06:00 Denver,239.9162085703125 kBTU
2018-10-11T07:15:00-06:00 Denver,266.573565078125 kBTU
2018-10-11T07:30:00-06:00 Denver,1679.4134599921874 kBTU
2018-10-11T07:45:00-06:00 Denver,1945.9870250703127 kBTU
2018-10-11T08:00:00-06:00 Denver,1919.3296685625 kBTU
2018-10-11T08:15:00-06:00 Denver,1945.9870250703127 kBTU
2018-10-11T08:30:00-06:00 Denver,2025.95909459375 kBTU
2018-10-11T08:45:00-06:00 Denver,1919.3296685625 kBTU
2018-10-11T09:00:00-06:00 Denver,1919.3296685625 kBTU
2018-10-11T09:15:00-06:00 Denver,1866.014955546875 kBTU
2018-10-11T09:30:00-06:00 Denver,1972.644381578125 kBTU
2018-10-11T09:45:00-06:00 Denver,1999.3017380859376 kBTU
2018-10-11T10:00:00-06:00 Denver,1892.6723120546876 kBTU
2018-10-11T10:15:00-06:00 Denver,1786.0428860234376 kBTU
2018-10-11T10:30:00-06:00 Denver,1812.7002425312498 kBTU
2018-10-11T10:45:00-06:00 Denver,1812.7002425312498 kBTU
2018-10-11T11:00:00-06:00 Denver,1786.0428860234376 kBTU
2018-10-11T11:15:00-06:00 Denver,1919.3296685625 kBTU
2018-10-11T11:30:00-06:00 Denver,1866.014955546875 kBTU
2018-10-11T11:45:00-06:00 Denver,1786.0428860234376 kBTU
2018-10-11T12:00:00-06:00 Denver,1945.9870250703127 kBTU
2018-10-11T12:15:00-06:00 Denver,1919.3296685625 kBTU
2018-10-11T12:30:00-06:00 Denver,1866.014955546875 kBTU
2018-10-11T12:45:00-06:00 Denver,1812.7002425312498 kBTU
2018-10-11T13:00:00-06:00 Denver,1812.7002425312498 kBTU
2018-10-11T13:15:00-06:00 Denver,1759.3855295156252 kBTU
2018-10-11T13:30:00-06:00 Denver,1839.3575990390625 kBTU
2018-10-11T13:45:00-06:00 Denver,1945.9870250703127 kBTU
2018-10-11T14:00:00-06:00 Denver,1812.7002425312498 kBTU
2018-10-11T14:15:00-06:00 Denver,1786.0428860234376 kBTU
2018-10-11T14:30:00-06:00 Denver,1892.6723120546876 kBTU
2018-10-11T14:45:00-06:00 Denver,1999.3017380859376 kBTU
2018-10-11T15:00:00-06:00 Denver,1839.3575990390625 kBTU
2018-10-11T15:15:00-06:00 Denver,1759.3855295156252 kBTU
2018-10-11T15:30:00-06:00 Denver,1812.7002425312498 kBTU
2018-10-11T15:45:00-06:00 Denver,1812.7002425312498 kBTU
2018-10-11T16:00:00-06:00 Denver,1839.3575990390625 kBTU
2018-10-11T16:15:00-06:00 Denver,1972.644381578125 kBTU
2018-10-11T16:30:00-06:00 Denver,1786.0428860234376 kBTU
2018-10-11T16:45:00-06:00 Denver,1839.3575990390625 kBTU
2018-10-11T17:00:00-06:00 Denver,1839.3575990390625 kBTU
2018-10-11T17:15:00-06:00 Denver,1919.3296685625 kBTU
2018-10-11T17:30:00-06:00 Denver,1972.644381578125 kBTU
2018-10-11T17:45:00-06:00 Denver,1812.7002425312498 kBTU
2018-10-11T18:00:00-06:00 Denver,1812.7002425312498 kBTU
2018-10-11T18:15:00-06:00 Denver,1839.3575990390625 kBTU
2018-10-11T18:30:00-06:00 Denver,1839.3575990390625 kBTU
2018-10-11T18:45:00-06:00 Denver,1839.3575990390625 kBTU
2018-10-11T19:00:00-06:00 Denver,1919.3296685625 kBTU
2018-10-11T19:15:00-06:00 Denver,1812.7002425312498 kBTU
2018-10-11T19:30:00-06:00 Denver,1839.3575990390625 kBTU
2018-10-11T19:45:00-06:00 Denver,1972.644381578125 kBTU
2018-10-11T20:00:00-06:00 Denver,1839.3575990390625 kBTU
2018-10-11T20:15:00-06:00 Denver,1945.9870250703127 kBTU
2018-10-11T20:30:00-06:00 Denver,613.1191996796875 kBTU
2018-10-11T20:45:00-06:00 Denver,959.66483428125 kBTU
2018-10-11T21:00:00-06:00 Denver,2532.4488682421875 kBTU
2018-10-11T21:15:00-06:00 Denver,106.62942603125 kBTU
2018-10-11T21:30:00-06:00 Denver,239.9162085703125 kBTU
2018-10-11T21:45:00-06:00 Denver,133.2867825390625 kBTU
2018-10-11T22:00:00-06:00 Denver,159.944139046875 kBTU
2018-10-11T22:15:00-06:00 Denver,213.2588520625 kBTU
2018-10-11T22:30:00-06:00 Denver,159.944139046875 kBTU
2018-10-11T22:45:00-06:00 Denver,266.573565078125 kBTU
2018-10-11T23:00:00-06:00 Denver,186.6014955546875 kBTU
2018-10-11T23:15:00-06:00 Denver,133.2867825390625 kBTU
2018-10-11T23:30:00-06:00 Denver,133.2867825390625 kBTU
2018-10-11T23:45:00-06:00 Denver,133.2867825390625 kBTU
2018-10-12T00:00:00-06:00 Denver,239.9162085703125 kBTU
2018-10-12T00:15:00-06:00 Denver,106.62942603125 kBTU
2018-10-12T00:30:00-06:00 Denver,133.2867825390625 kBTU
2018-10-12T00:45:00-06:00 Denver,213.2588520625 kBTU
2018-10-12T01:00:00-06:00 Denver,239.9162085703125 kBTU
2018-10-12T01:15:00-06:00 Denver,159.944139046875 kBTU
2018-10-12T01:30:00-06:00 Denver,266.573565078125 kBTU
2018-10-12T01:45:00-06:00 Denver,133.2867825390625 kBTU
2018-10-12T02:00:00-06:00 Denver,106.62942603125 kBTU
2018-10-12T02:15:00-06:00 Denver,133.2867825390625 kBTU
2018-10-12T02:30:00-06:00 Denver,106.62942603125 kBTU
2018-10-12T02:45:00-06:00 Denver,266.573565078125 kBTU
2018-10-12T03:00:00-06:00 Denver,106.62942603125 kBTU
2018-10-12T03:15:00-06:00 Denver,106.62942603125 kBTU
2018-10-12T03:30:00-06:00 Denver,266.573565078125 kBTU
2018-10-12T03:45:00-06:00 Denver,293.2309215859375 kBTU
2018-10-12T04:00:00-06:00 Denver,79.9720695234375 kBTU
2018-10-12T04:15:00-06:00 Denver,239.9162085703125 kBTU
2018-10-12T04:30:00-06:00 Denver,106.62942603125 kBTU
2018-10-12T04:45:00-06:00 Denver,106.62942603125 kBTU
2018-10-12T05:00:00-06:00 Denver,106.62942603125 kBTU
2018-10-12T05:15:00-06:00 Denver,106.62942603125 kBTU
2018-10-12T05:30:00-06:00 Denver,239.9162085703125 kBTU
2018-10-12T05:45:00-06:00 Denver,159.944139046875 kBTU
2018-10-12T06:00:00-06:00 Denver,186.6014955546875 kBTU
2018-10-12T06:15:00-06:00 Denver,159.944139046875 kBTU
2018-10-12T06:30:00-06:00 Denver,213.2588520625 kBTU
2018-10-12T06:45:00-06:00 Denver,266.573565078125 kBTU
2018-10-12T07:00:00-06:00 Denver,106.62942603125 kBTU
2018-10-12T07:15:00-06:00 Denver,106.62942603125 kBTU
2018-10-12T07:30:00-06:00 Denver,1706.0708165 kBTU
2018-10-12T07:45:00-06:00 Denver,1892.6723120546876 kBTU
2018-10-12T08:00:00-06:00 Denver,2052.6164511015622 kBTU
2018-10-12T08:15:00-06:00 Denver,2025.95909459375 kBTU
2018-10-12T08:30:00-06:00 Denver,1892.6723120546876 kBTU
2018-10-12T08:45:00-06:00 Denver,1972.644381578125 kBTU
2018-10-12T09:00:00-06:00 Denver,2025.95909459375 kBTU
2018-10-12T09:15:00-06:00 Denver,2025.95909459375 kBTU
2018-10-12T09:30:00-06:00 Denver,1892.6723120546876 kBTU
2018-10-12T09:45:00-06:00 Denver,1839.3575990390625 kBTU
2018-10-12T10:00:00-06:00 Denver,1839.3575990390625 kBTU
2018-10-12T10:15:00-06:00 Denver,1866.014955546875 kBTU
2018-10-12T10:30:00-06:00 Denver,1972.644381578125 kBTU
2018-10-12T10:45:00-06:00 Denver,1866.014955546875 kBTU
2018-10-12T11:00:00-06:00 Denver,1812.7002425312498 kBTU
2018-10-12T11:15:00-06:00 Denver,1839.3575990390625 kBTU
2018-10-12T11:30:00-06:00 Denver,1892.6723120546876 kBTU
2018-10-12T11:45:00-06:00 Denver,1945.9870250703127 kBTU
2018-10-12T12:00:00-06:00 Denver,1919.3296685625 kBTU
2018-10-12T12:15:00-06:00 Denver,1812.7002425312498 kBTU
2018-10-12T12:30:00-06:00 Denver,1812.7002425312498 kBTU
2018-10-12T12:45:00-06:00 Denver,1839.3575990390625 kBTU
2018-10-12T13:00:00-06:00 Denver,1839.3575990390625 kBTU
2018-10-12T13:15:00-06:00 Denver,1945.9870250703127 kBTU
2018-10-12T13:30:00-06:00 Denver,1786.0428860234376 kBTU
2018-10-12T13:45:00-06:00 Denver,1812.7002425312498 kBTU
2018-10-12T14:00:00-06:00 Denver,1839.3575990390625 kBTU
2018-10-12T14:15:00-06:00 Denver,1919.3296685625 kBTU
2018-10-12T14:30:00-06:00 Denver,1972.644381578125 kBTU
2018-10-12T14:45:00-06:00 Denver,1812.7002425312498 kBTU
2018-10-12T15:00:00-06:00 Denver,1786.0428860234376 kBTU
2018-10-12T15:15:00-06:00 Denver,1892.6723120546876 kBTU
2018-10-12T15:30:00-06:00 Denver,1812.7002425312498 kBTU
2018-10-12T15:45:00-06:00 Denver,1866.014955546875 kBTU
2018-10-12T16:00:00-06:00 Denver,1839.3575990390625 kBTU
2018-10-12T16:15:00-06:00 Denver,1812.7002425312498 kBTU
2018-10-12T16:30:00-06:00 Denver,1812.7002425312498 kBTU
2018-10-12T16:45:00-06:00 Denver,1866.014955546875 kBTU
2018-10-12T17:00:00-06:00 Denver,2052.6164511015622 kBTU
2018-10-12T17:15:00-06:00 Denver,1812.7002425312498 kBTU
2018-10-12T17:30:00-06:00 Denver,2052.6164511015622 kBTU
2018-10-12T17:45:00-06:00 Denver,4904.9535974375 kBTU
2018-10-12T18:00:00-06:00 Denver,1839.3575990390625 kBTU
2018-10-12T18:15:00-06:00 Denver,1786.0428860234376 kBTU
2018-10-12T18:30:00-06:00 Denver,1839.3575990390625 kBTU
2018-10-12T18:45:00-06:00 Denver,9303.417421226563 kBTU
2018-10-12T20:00:00-06:00 Denver,1999.3017380859376 kBTU
2018-10-12T20:15:00-06:00 Denver,1866.014955546875 kBTU
2018-10-12T20:30:00-06:00 Denver,346.54563460156254 kBTU
2018-10-12T20:45:00-06:00 Denver,133.2867825390625 kBTU
2018-10-12T21:00:00-06:00 Denver,106.62942603125 kBTU
2018-10-12T21:15:00-06:00 Denver,239.9162085703125 kBTU
2018-10-12T21:30:00-06:00 Denver,106.62942603125 kBTU
2018-10-12T21:45:00-06:00 Denver,213.2588520625 kBTU
2018-10-12T22:00:00-06:00 Denver,213.2588520625 kBTU
2018-10-12T22:15:00-06:00 Denver,213.2588520625 kBTU
2018-10-12T22:30:00-06:00 Denver,213.2588520625 kBTU
2018-10-12T22:45:00-06:00 Denver,159.944139046875 kBTU
2018-10-12T23:00:00-06:00 Denver,133.2867825390625 kBTU
2018-10-12T23:15:00-06:00 Denver,106.62942603125 kBTU
2018-10-12T23:30:00-06:00 Denver,133.2867825390625 kBTU
2018-10-12T23:45:00-06:00 Denver,159.944139046875 kBTU
2018-10-13T00:00:00-06:00 Denver,186.6014955546875 kBTU
2018-10-13T00:15:00-06:00 Denver,159.944139046875 kBTU
2018-10-13T00:30:01-06:00 Denver,319.88827809375 kBTU
2018-10-13T00:45:00-06:00 Denver,159.944139046875 kBTU
2018-10-13T01:00:00-06:00 Denver,133.2867825390625 kBTU
2018-10-13T01:15:00-06:00 Denver,239.9162085703125 kBTU
2018-10-13T01:30:00-06:00 Denver,133.2867825390625 kBTU
2018-10-13T01:45:00-06:00 Denver,106.62942603125 kBTU
2018-10-13T02:00:00-06:00 Denver,133.2867825390625 kBTU
2018-10-13T02:15:00-06:00 Denver,106.62942603125 kBTU
2018-10-13T02:30:00-06:00 Denver,239.9162085703125 kBTU
2018-10-13T02:45:00-06:00 Denver,159.944139046875 kBTU
2018-10-13T03:00:00-06:00 Denver,239.9162085703125 kBTU
2018-10-13T03:15:00-06:00 Denver,213.2588520625 kBTU
2018-10-13T03:30:00-06:00 Denver,186.6014955546875 kBTU
2018-10-13T03:45:00-06:00 Denver,186.6014955546875 kBTU
2018-10-13T04:00:00-06:00 Denver,186.6014955546875 kBTU
2018-10-13T04:15:00-06:00 Denver,79.9720695234375 kBTU
2018-10-13T04:30:00-06:00 Denver,159.944139046875 kBTU
2018-10-13T04:45:00-06:00 Denver,79.9720695234375 kBTU
2018-10-13T05:00:00-06:00 Denver,106.62942603125 kBTU
2018-10-13T05:15:00-06:00 Denver,346.54563460156254 kBTU
2018-10-13T05:30:00-06:00 Denver,133.2867825390625 kBTU
2018-10-13T05:45:00-06:00 Denver,133.2867825390625 kBTU
2018-10-13T06:00:00-06:00 Denver,239.9162085703125 kBTU
2018-10-13T06:15:00-06:00 Denver,186.6014955546875 kBTU
2018-10-13T06:30:00-06:00 Denver,239.9162085703125 kBTU
2018-10-13T06:45:00-06:00 Denver,133.2867825390625 kBTU
2018-10-13T07:00:00-06:00 Denver,106.62942603125 kBTU
2018-10-13T07:15:00-06:00 Denver,133.2867825390625 kBTU
2018-10-13T07:30:00-06:00 Denver,186.6014955546875 kBTU
2018-10-13T07:45:00-06:00 Denver,239.9162085703125 kBTU
2018-10-13T08:00:00-06:00 Denver,106.62942603125 kBTU
2018-10-13T08:15:00-06:00 Denver,133.2867825390625 kBTU
2018-10-13T08:30:00-06:00 Denver,133.2867825390625 kBTU
2018-10-13T08:45:00-06:00 Denver,213.2588520625 kBTU
2018-10-13T09:00:00-06:00 Denver,266.573565078125 kBTU
2018-10-13T09:15:00-06:00 Denver,133.2867825390625 kBTU
2018-10-13T09:30:00-06:00 Denver,106.62942603125 kBTU
2018-10-13T09:45:00-06:00 Denver,186.6014955546875 kBTU
2018-10-13T10:00:00-06:00 Denver,159.944139046875 kBTU
2018-10-13T10:15:00-06:00 Denver,213.2588520625 kBTU
2018-10-13T10:30:00-06:00 Denver,133.2867825390625 kBTU
2018-10-13T10:45:00-06:00 Denver,106.62942603125 kBTU
2018-10-13T11:00:00-06:00 Denver,133.2867825390625 kBTU
2018-10-13T11:15:00-06:00 Denver,159.944139046875 kBTU
2018-10-13T11:30:00-06:00 Denver,346.54563460156254 kBTU
2018-10-13T11:45:00-06:00 Denver,133.2867825390625 kBTU
2018-10-13T12:00:00-06:00 Denver,106.62942603125 kBTU
2018-10-13T12:15:00-06:00 Denver,159.944139046875 kBTU
2018-10-13T12:30:00-06:00 Denver,186.6014955546875 kBTU
2018-10-13T12:45:00-06:00 Denver,239.9162085703125 kBTU
2018-10-13T13:00:00-06:00 Denver,106.62942603125 kBTU
2018-10-13T13:15:00-06:00 Denver,133.2867825390625 kBTU
2018-10-13T13:30:00-06:00 Denver,106.62942603125 kBTU
2018-10-13T13:45:00-06:00 Denver,133.2867825390625 kBTU
2018-10-13T14:00:00-06:00 Denver,266.573565078125 kBTU
2018-10-13T14:15:00-06:00 Denver,239.9162085703125 kBTU
2018-10-13T14:30:00-06:00 Denver,133.2867825390625 kBTU
2018-10-13T14:45:00-06:00 Denver,2079.273807609375 kBTU
2018-10-13T15:00:00-06:00 Denver,1652.756103484375 kBTU
2018-10-13T15:15:00-06:00 Denver,213.2588520625 kBTU
2018-10-13T15:30:00-06:00 Denver,159.944139046875 kBTU
2018-10-13T15:45:00-06:00 Denver,79.9720695234375 kBTU
2018-10-13T16:00:00-06:00 Denver,159.944139046875 kBTU
2018-10-13T16:15:00-06:00 Denver,79.9720695234375 kBTU
2018-10-13T16:30:00-06:00 Denver,213.2588520625 kBTU
2018-10-13T16:45:00-06:00 Denver,159.944139046875 kBTU
2018-10-13T17:00:00-06:00 Denver,239.9162085703125 kBTU
2018-10-13T17:15:00-06:00 Denver,239.9162085703125 kBTU
2018-10-13T17:30:00-06:00 Denver,159.944139046875 kBTU
2018-10-13T17:45:00-06:00 Denver,79.9720695234375 kBTU
2018-10-13T18:00:00-06:00 Denver,373.202991109375 kBTU
2018-10-13T18:30:00-06:00 Denver,106.62942603125 kBTU
2018-10-13T18:45:00-06:00 Denver,133.2867825390625 kBTU
2018-10-13T19:00:00-06:00 Denver,106.62942603125 kBTU
2018-10-13T19:15:00-06:00 Denver,213.2588520625 kBTU
2018-10-13T19:30:00-06:00 Denver,159.944139046875 kBTU
2018-10-13T19:45:00-06:00 Denver,293.2309215859375 kBTU
2018-10-13T20:00:00-06:00 Denver,186.6014955546875 kBTU
2018-10-13T20:15:00-06:00 Denver,106.62942603125 kBTU
2018-10-13T20:30:00-06:00 Denver,239.9162085703125 kBTU
2018-10-13T20:45:00-06:00 Denver,133.2867825390625 kBTU
2018-10-13T21:00:00-06:00 Denver,106.62942603125 kBTU
2018-10-13T21:15:00-06:00 Denver,106.62942603125 kBTU
2018-10-13T21:30:00-06:00 Denver,133.2867825390625 kBTU
2018-10-13T21:45:00-06:00 Denver,239.9162085703125 kBTU
2018-10-13T22:00:00-06:00 Denver,159.944139046875 kBTU
2018-10-13T22:15:00-06:00 Denver,133.2867825390625 kBTU
2018-10-13T22:30:00-06:00 Denver,213.2588520625 kBTU
2018-10-13T22:45:00-06:00 Denver,213.2588520625 kBTU
2018-10-13T23:00:00-06:00 Denver,239.9162085703125 kBTU
2018-10-13T23:15:00-06:00 Denver,133.2867825390625 kBTU
2018-10-13T23:30:00-06:00 Denver,133.2867825390625 kBTU
2018-10-13T23:45:00-06:00 Denver,106.62942603125 kBTU
2018-10-14T00:00:00-06:00 Denver,133.2867825390625 kBTU
2018-10-14T00:15:00-06:00 Denver,239.9162085703125 kBTU
2018-10-14T00:30:00-06:00 Denver,213.2588520625 kBTU
2018-10-14T00:45:00-06:00 Denver,79.9720695234375 kBTU
2018-10-14T01:00:00-06:00 Denver,159.944139046875 kBTU
2018-10-14T01:15:00-06:00 Denver,559.8044866640624 kBTU
2018-10-14T01:30:00-06:00 Denver,373.202991109375 kBTU
2018-10-14T01:45:00-06:00 Denver,159.944139046875 kBTU
2018-10-14T02:00:00-06:00 Denver,79.9720695234375 kBTU
2018-10-14T02:15:00-06:00 Denver,133.2867825390625 kBTU
2018-10-14T02:30:00-06:00 Denver,106.62942603125 kBTU
2018-10-14T02:45:00-06:00 Denver,293.2309215859375 kBTU
2018-10-14T03:00:00-06:00 Denver,159.944139046875 kBTU
2018-10-14T03:15:00-06:00 Denver,133.2867825390625 kBTU
2018-10-14T03:30:00-06:00 Denver,133.2867825390625 kBTU
2018-10-14T03:45:00-06:00 Denver,213.2588520625 kBTU
2018-10-14T04:00:00-06:00 Denver,613.1191996796875 kBTU
2018-10-14T04:15:00-06:00 Denver,213.2588520625 kBTU
2018-10-14T04:30:00-06:00 Denver,79.9720695234375 kBTU
2018-10-14T04:45:00-06:00 Denver,159.944139046875 kBTU
2018-10-14T05:00:00-06:00 Denver,79.9720695234375 kBTU
2018-10-14T05:15:00-06:00 Denver,319.88827809375 kBTU
2018-10-14T05:30:00-06:00 Denver,159.944139046875 kBTU
2018-10-14T05:45:00-06:00 Denver,133.2867825390625 kBTU
2018-10-14T06:00:00-06:00 Denver,239.9162085703125 kBTU
2018-10-14T06:15:00-06:00 Denver,373.202991109375 kBTU
2018-10-14T06:30:00-06:00 Denver,213.2588520625 kBTU
2018-10-14T06:45:00-06:00 Denver,239.9162085703125 kBTU
2018-10-14T07:00:00-06:00 Denver,239.9162085703125 kBTU
2018-10-14T07:15:00-06:00 Denver,106.62942603125 kBTU
2018-10-14T07:30:00-06:00 Denver,133.2867825390625 kBTU
2018-10-14T07:45:00-06:00 Denver,239.9162085703125 kBTU
2018-10-14T08:00:00-06:00 Denver,346.54563460156254 kBTU
2018-10-14T08:15:00-06:00 Denver,399.86034761718753 kBTU
2018-10-14T08:30:00-06:00 Denver,133.2867825390625 kBTU
2018-10-14T08:45:00-06:00 Denver,106.62942603125 kBTU
2018-10-14T09:00:00-06:00 Denver,239.9162085703125 kBTU
2018-10-14T09:15:00-06:00 Denver,106.62942603125 kBTU
2018-10-14T09:30:00-06:00 Denver,239.9162085703125 kBTU
2018-10-14T09:45:00-06:00 Denver,213.2588520625 kBTU
2018-10-14T10:00:00-06:00 Denver,159.944139046875 kBTU
2018-10-14T10:15:00-06:00 Denver,133.2867825390625 kBTU
2018-10-14T10:30:00-06:00 Denver,479.832417140625 kBTU
2018-10-14T10:45:00-06:00 Denver,159.944139046875 kBTU
2018-10-14T11:00:00-06:00 Denver,159.944139046875 kBTU
2018-10-14T11:15:00-06:00 Denver,79.9720695234375 kBTU
2018-10-14T11:30:00-06:00 Denver,133.2867825390625 kBTU
2018-10-14T11:45:00-06:00 Denver,239.9162085703125 kBTU
2018-10-14T12:00:00-06:00 Denver,106.62942603125 kBTU
2018-10-14T12:15:00-06:00 Denver,3358.826919984375 kBTU
2018-10-14T12:30:00-06:00 Denver,266.573565078125 kBTU
2018-10-14T12:45:00-06:00 Denver,133.2867825390625 kBTU
2018-10-14T13:00:00-06:00 Denver,239.9162085703125 kBTU
2018-10-14T13:15:00-06:00 Denver,133.2867825390625 kBTU
2018-10-14T13:30:00-06:00 Denver,106.62942603125 kBTU
2018-10-14T13:45:00-06:00 Denver,106.62942603125 kBTU
2018-10-14T14:00:00-06:00 Denver,133.2867825390625 kBTU
2018-10-14T14:15:00-06:00 Denver,159.944139046875 kBTU
2018-10-14T14:30:00-06:00 Denver,186.6014955546875 kBTU
2018-10-14T14:45:00-06:00 Denver,133.2867825390625 kBTU
2018-10-14T15:00:00-06:00 Denver,266.573565078125 kBTU
2018-10-14T15:15:00-06:00 Denver,239.9162085703125 kBTU
2018-10-14T15:30:00-06:00 Denver,106.62942603125 kBTU
2018-10-14T15:45:00-06:00 Denver,239.9162085703125 kBTU
2018-10-14T16:00:00-06:00 Denver,106.62942603125 kBTU
2018-10-14T16:15:00-06:00 Denver,133.2867825390625 kBTU
2018-10-14T16:30:00-06:00 Denver,106.62942603125 kBTU
2018-10-14T16:45:00-06:00 Denver,133.2867825390625 kBTU
2018-10-14T17:00:00-06:00 Denver,239.9162085703125 kBTU
2018-10-14T17:15:00-06:00 Denver,106.62942603125 kBTU
2018-10-14T17:30:00-06:00 Denver,186.6014955546875 kBTU
2018-10-14T17:45:00-06:00 Denver,239.9162085703125 kBTU
2018-10-14T18:00:00-06:00 Denver,933.0074777734375 kBTU
2018-10-14T18:15:00-06:00 Denver,1706.0708165 kBTU
2018-10-14T18:30:00-06:00 Denver,373.202991109375 kBTU
2018-10-14T18:45:00-06:00 Denver,133.2867825390625 kBTU
2018-10-14T19:00:00-06:00 Denver,106.62942603125 kBTU
2018-10-14T19:15:00-06:00 Denver,213.2588520625 kBTU
2018-10-14T19:30:00-06:00 Denver,533.14713015625 kBTU
2018-10-14T19:45:00-06:00 Denver,133.2867825390625 kBTU
2018-10-14T20:00:00-06:00 Denver,186.6014955546875 kBTU
2018-10-14T20:15:00-06:00 Denver,133.2867825390625 kBTU
2018-10-14T20:30:00-06:00 Denver,239.9162085703125 kBTU
2018-10-14T20:45:00-06:00 Denver,293.2309215859375 kBTU
2018-10-14T21:00:00-06:00 Denver,106.62942603125 kBTU
2018-10-14T21:15:00-06:00 Denver,106.62942603125 kBTU
2018-10-14T21:30:00-06:00 Denver,399.86034761718753 kBTU
2018-10-14T21:45:00-06:00 Denver,133.2867825390625 kBTU
2018-10-14T22:00:00-06:00 Denver,239.9162085703125 kBTU
2018-10-14T22:15:00-06:00 Denver,186.6014955546875 kBTU
2018-10-14T22:30:00-06:00 Denver,159.944139046875 kBTU
2018-10-14T22:45:00-06:00 Denver,106.62942603125 kBTU
2018-10-14T23:00:00-06:00 Denver,826.3780517421875 kBTU
2018-10-14T23:15:00-06:00 Denver,1999.3017380859376 kBTU
2018-10-14T23:30:00-06:00 Denver,799.7206952343751 kBTU
2018-10-14T23:45:00-06:00 Denver,133.2867825390625 kBTU
2018-10-15T00:00:00-06:00 Denver,106.62942603125 kBTU
2018-10-15T00:15:00-06:00 Denver,133.2867825390625 kBTU
2018-10-15T00:30:00-06:00 Denver,186.6014955546875 kBTU
2018-10-15T00:45:00-06:00 Denver,373.202991109375 kBTU
2018-10-15T01:00:00-06:00 Denver,346.54563460156254 kBTU
2018-10-15T01:15:00-06:00 Denver,133.2867825390625 kBTU
2018-10-15T01:30:00-06:00 Denver,106.62942603125 kBTU
2018-10-15T01:45:00-06:00 Denver,746.40598221875 kBTU
2018-10-15T02:00:00-06:00 Denver,1706.0708165 kBTU
2018-10-15T02:15:00-06:00 Denver,933.0074777734375 kBTU
2018-10-15T02:30:00-06:00 Denver,399.86034761718753 kBTU
2018-10-15T02:45:00-06:00 Denver,106.62942603125 kBTU
2018-10-15T03:00:00-06:00 Denver,266.573565078125 kBTU
2018-10-15T03:15:00-06:00 Denver,293.2309215859375 kBTU
2018-10-15T03:30:00-06:00 Denver,1626.0987469765623 kBTU
2018-10-15T03:45:00-06:00 Denver,1119.6089733281249 kBTU
2018-10-15T04:00:00-06:00 Denver,133.2867825390625 kBTU
2018-10-15T04:15:00-06:00 Denver,239.9162085703125 kBTU
2018-10-15T04:30:00-06:00 Denver,213.2588520625 kBTU
2018-10-15T04:45:00-06:00 Denver,213.2588520625 kBTU
2018-10-15T05:00:00-06:00 Denver,746.40598221875 kBTU
2018-10-15T05:15:00-06:00 Denver,1972.644381578125 kBTU
2018-10-15T05:30:00-06:00 Denver,933.0074777734375 kBTU
2018-10-15T05:45:00-06:00 Denver,239.9162085703125 kBTU
2018-10-15T06:00:00-06:00 Denver,133.2867825390625 kBTU
2018-10-15T06:15:00-06:00 Denver,133.2867825390625 kBTU
2018-10-15T06:30:00-06:00 Denver,479.832417140625 kBTU
2018-10-15T06:45:00-06:00 Denver,1279.553112375 kBTU
2018-10-15T07:00:00-06:00 Denver,1706.0708165 kBTU
2018-10-15T07:15:00-06:00 Denver,319.88827809375 kBTU
2018-10-15T07:30:00-06:00 Denver,1732.7281730078125 kBTU
2018-10-15T07:45:00-06:00 Denver,1945.9870250703127 kBTU
2018-10-15T08:00:00-06:00 Denver,1945.9870250703127 kBTU
2018-10-15T08:15:00-06:00 Denver,4478.4358933124995 kBTU
2018-10-15T08:30:00-06:00 Denver,2852.3371463359376 kBTU
2018-10-15T08:45:00-06:00 Denver,1919.3296685625 kBTU
2018-10-15T09:00:00-06:00 Denver,1945.9870250703127 kBTU
2018-10-15T09:15:00-06:00 Denver,1945.9870250703127 kBTU
2018-10-15T09:30:00-06:00 Denver,2052.6164511015622 kBTU
2018-10-15T09:45:00-06:00 Denver,1999.3017380859376 kBTU
2018-10-15T10:00:00-06:00 Denver,2052.6164511015622 kBTU
2018-10-15T10:15:00-06:00 Denver,1972.644381578125 kBTU
2018-10-15T10:30:00-06:00 Denver,1945.9870250703127 kBTU
2018-10-15T10:45:00-06:00 Denver,2505.791511734375 kBTU
2018-10-15T11:00:00-06:00 Denver,2559.10622475 kBTU
2018-10-15T11:15:00-06:00 Denver,2612.420937765625 kBTU
2018-10-15T11:30:00-06:00 Denver,2772.3650768125003 kBTU
2018-10-15T11:45:00-06:00 Denver,2692.3930072890626 kBTU
2018-10-15T12:00:00-06:00 Denver,2079.273807609375 kBTU
2018-10-15T12:15:00-06:00 Denver,1972.644381578125 kBTU
2018-10-15T12:30:00-06:00 Denver,1999.3017380859376 kBTU
2018-10-15T12:45:00-06:00 Denver,1892.6723120546876 kBTU
2018-10-15T13:00:00-06:00 Denver,2212.5605901484373 kBTU
2018-10-15T13:15:00-06:00 Denver,2745.7077203046874 kBTU
2018-10-15T13:30:00-06:00 Denver,2692.3930072890626 kBTU
2018-10-15T13:45:00-06:00 Denver,2559.10622475 kBTU
2018-10-15T14:00:00-06:00 Denver,5198.184519023438 kBTU
2018-10-15T14:15:00-06:00 Denver,2559.10622475 kBTU
2018-10-15T14:30:00-06:00 Denver,2719.050363796875 kBTU
2018-10-15T14:45:00-06:00 Denver,2585.763581257813 kBTU
2018-10-15T15:00:00-06:00 Denver,2639.0782942734377 kBTU
2018-10-15T15:15:00-06:00 Denver,2452.47679871875 kBTU
2018-10-15T15:30:00-06:00 Denver,2452.47679871875 kBTU
2018-10-15T15:45:00-06:00 Denver,2639.0782942734377 kBTU
2018-10-15T16:00:00-06:00 Denver,2132.588520625 kBTU
2018-10-15T16:15:00-06:00 Denver,2079.273807609375 kBTU
2018-10-15T16:30:00-06:00 Denver,2025.95909459375 kBTU
2018-10-15T16:45:00-06:00 Denver,1972.644381578125 kBTU
2018-10-15T17:00:00-06:00 Denver,2052.6164511015622 kBTU
2018-10-15T17:15:00-06:00 Denver,2185.9032336406253 kBTU
2018-10-15T17:30:00-06:00 Denver,4238.519684742188 kBTU
2018-10-15T17:45:00-06:00 Denver,1945.9870250703127 kBTU
2018-10-15T18:00:00-06:00 Denver,2079.273807609375 kBTU
2018-10-15T18:15:00-06:00 Denver,1972.644381578125 kBTU
2018-10-15T18:30:00-06:00 Denver,1945.9870250703127 kBTU
2018-10-15T18:45:00-06:00 Denver,2185.9032336406253 kBTU
2018-10-15T19:00:00-06:00 Denver,1892.6723120546876 kBTU
2018-10-15T19:15:00-06:00 Denver,2052.6164511015622 kBTU
2018-10-15T19:30:00-06:00 Denver,2025.95909459375 kBTU
2018-10-15T19:45:00-06:00 Denver,2079.273807609375 kBTU
2018-10-15T20:00:00-06:00 Denver,2185.9032336406253 kBTU
2018-10-15T20:15:00-06:00 Denver,1945.9870250703127 kBTU
2018-10-15T20:30:00-06:00 Denver,746.40598221875 kBTU
2018-10-15T20:45:00-06:00 Denver,239.9162085703125 kBTU
2018-10-15T21:00:00-06:00 Denver,239.9162085703125 kBTU
2018-10-15T21:15:00-06:00 Denver,373.202991109375 kBTU
2018-10-15T21:30:00-06:00 Denver,266.573565078125 kBTU
2018-10-15T21:45:00-06:00 Denver,239.9162085703125 kBTU
2018-10-15T22:00:00-06:00 Denver,346.54563460156254 kBTU
2018-10-15T22:15:00-06:00 Denver,399.86034761718753 kBTU
2018-10-15T22:30:00-06:00 Denver,373.202991109375 kBTU
2018-10-15T22:45:00-06:00 Denver,293.2309215859375 kBTU
2018-10-15T23:00:00-06:00 Denver,266.573565078125 kBTU
2018-10-15T23:15:00-06:00 Denver,239.9162085703125 kBTU
2018-10-15T23:30:00-06:00 Denver,266.573565078125 kBTU
2018-10-15T23:45:00-06:00 Denver,239.9162085703125 kBTU
2018-10-16T00:00:00-06:00 Denver,373.202991109375 kBTU
2018-10-16T00:15:00-06:00 Denver,239.9162085703125 kBTU
2018-10-16T00:30:00-06:00 Denver,346.54563460156254 kBTU
2018-10-16T00:45:00-06:00 Denver,426.517704125 kBTU
2018-10-16T01:00:00-06:00 Denver,346.54563460156254 kBTU
2018-10-16T01:15:00-06:00 Denver,266.573565078125 kBTU
2018-10-16T01:30:00-06:00 Denver,293.2309215859375 kBTU
2018-10-16T01:45:00-06:00 Denver,266.573565078125 kBTU
2018-10-16T02:00:00-06:00 Denver,239.9162085703125 kBTU
2018-10-16T02:15:00-06:00 Denver,346.54563460156254 kBTU
2018-10-16T02:30:00-06:00 Denver,266.573565078125 kBTU
2018-10-16T02:45:00-06:00 Denver,239.9162085703125 kBTU
2018-10-16T03:00:00-06:00 Denver,293.2309215859375 kBTU
2018-10-16T03:15:00-06:00 Denver,666.4339126953125 kBTU
2018-10-16T03:30:00-06:00 Denver,533.14713015625 kBTU
2018-10-16T03:45:00-06:00 Denver,266.573565078125 kBTU
2018-10-16T04:00:00-06:00 Denver,293.2309215859375 kBTU
2018-10-16T04:15:00-06:00 Denver,239.9162085703125 kBTU
2018-10-16T04:30:00-06:00 Denver,239.9162085703125 kBTU
2018-10-16T04:45:00-06:00 Denver,373.202991109375 kBTU
2018-10-16T05:00:00-06:00 Denver,266.573565078125 kBTU
2018-10-16T05:15:00-06:00 Denver,266.573565078125 kBTU
2018-10-16T05:30:00-06:00 Denver,426.517704125 kBTU
2018-10-16T05:45:00-06:00 Denver,559.8044866640624 kBTU
2018-10-16T06:00:00-06:00 Denver,453.17506063281246 kBTU
2018-10-16T06:15:00-06:00 Denver,346.54563460156254 kBTU
2018-10-16T06:30:00-06:00 Denver,639.7765561875 kBTU
2018-10-16T06:45:00-06:00 Denver,1652.756103484375 kBTU
2018-10-16T07:00:00-06:00 Denver,1492.8119644375 kBTU
2018-10-16T07:15:00-06:00 Denver,1386.1825384062502 kBTU
2018-10-16T07:30:00-06:00 Denver,1812.7002425312498 kBTU
2018-10-16T07:45:00-06:00 Denver,2132.588520625 kBTU
2018-10-16T08:00:00-06:00 Denver,2105.9311641171876 kBTU
2018-10-16T08:15:00-06:00 Denver,2052.6164511015622 kBTU
2018-10-16T08:30:00-06:00 Denver,2239.2179466562498 kBTU
2018-10-16T08:45:00-06:00 Denver,2185.9032336406253 kBTU
2018-10-16T09:00:00-06:00 Denver,2105.9311641171876 kBTU
2018-10-16T09:15:00-06:00 Denver,2105.9311641171876 kBTU
2018-10-16T09:30:00-06:00 Denver,2025.95909459375 kBTU
2018-10-16T09:45:00-06:00 Denver,2079.273807609375 kBTU
2018-10-16T10:00:00-06:00 Denver,2079.273807609375 kBTU
2018-10-16T10:15:00-06:00 Denver,2052.6164511015622 kBTU
2018-10-16T10:30:00-06:00 Denver,2079.273807609375 kBTU
2018-10-16T10:45:00-06:00 Denver,2239.2179466562498 kBTU
2018-10-16T11:00:00-06:00 Denver,3838.659337125 kBTU
2018-10-16T11:15:00-06:00 Denver,3625.4004850624997 kBTU
2018-10-16T11:30:00-06:00 Denver,3572.0857720468753 kBTU
2018-10-16T11:45:00-06:00 Denver,3625.4004850624997 kBTU
2018-10-16T12:00:00-06:00 Denver,5624.702223148438 kBTU
2018-10-16T12:15:00-06:00 Denver,4238.519684742188 kBTU
2018-10-16T12:30:00-06:00 Denver,3652.0578415703126 kBTU
2018-10-16T12:45:00-06:00 Denver,3705.372554585938 kBTU
2018-10-16T13:00:00-06:00 Denver,3758.6872676015623 kBTU
2018-10-16T13:15:00-06:00 Denver,3518.7710590312504 kBTU
2018-10-16T13:30:00-06:00 Denver,3625.4004850624997 kBTU
2018-10-16T13:45:00-06:00 Denver,3598.7431285546877 kBTU
2018-10-16T14:00:00-06:00 Denver,3785.344624109375 kBTU
2018-10-16T14:15:00-06:00 Denver,3652.0578415703126 kBTU
2018-10-16T14:30:00-06:00 Denver,3598.7431285546877 kBTU
2018-10-16T14:45:00-06:00 Denver,3545.4284155390624 kBTU
2018-10-16T15:00:00-06:00 Denver,3518.7710590312504 kBTU
2018-10-16T15:15:00-06:00 Denver,3598.7431285546877 kBTU
2018-10-16T15:30:00-06:00 Denver,3518.7710590312504 kBTU
2018-10-16T15:45:00-06:00 Denver,3518.7710590312504 kBTU
2018-10-16T16:00:00-06:00 Denver,2212.5605901484373 kBTU
2018-10-16T16:15:00-06:00 Denver,1519.4693209453126 kBTU
2018-10-16T16:30:00-06:00 Denver,1492.8119644375 kBTU
2018-10-16T16:45:00-06:00 Denver,1679.4134599921874 kBTU
2018-10-16T17:00:00-06:00 Denver,1759.3855295156252 kBTU
2018-10-16T17:15:00-06:00 Denver,1812.7002425312498 kBTU
2018-10-16T17:30:00-06:00 Denver,1786.0428860234376 kBTU
2018-10-16T17:45:00-06:00 Denver,1786.0428860234376 kBTU
2018-10-16T18:00:00-06:00 Denver,1945.9870250703127 kBTU
2018-10-16T18:15:00-06:00 Denver,1866.014955546875 kBTU
2018-10-16T18:30:00-06:00 Denver,1866.014955546875 kBTU
2018-10-16T18:45:00-06:00 Denver,1839.3575990390625 kBTU
2018-10-16T19:00:00-06:00 Denver,1866.014955546875 kBTU
2018-10-16T19:15:00-06:00 Denver,1812.7002425312498 kBTU
2018-10-16T19:30:00-06:00 Denver,1786.0428860234376 kBTU
2018-10-16T19:45:00-06:00 Denver,1839.3575990390625 kBTU
2018-10-16T20:00:00-06:00 Denver,1732.7281730078125 kBTU
2018-10-16T20:15:00-06:00 Denver,1999.3017380859376 kBTU
2018-10-16T20:30:00-06:00 Denver,639.7765561875 kBTU
2018-10-16T20:45:00-06:00 Denver,159.944139046875 kBTU
2018-10-16T21:00:00-06:00 Denver,213.2588520625 kBTU
2018-10-16T21:15:00-06:00 Denver,2479.1341552265626 kBTU
2018-10-16T21:30:00-06:00 Denver,239.9162085703125 kBTU
2018-10-16T21:45:00-06:00 Denver,106.62942603125 kBTU
2018-10-16T22:00:00-06:00 Denver,106.62942603125 kBTU
2018-10-16T22:15:00-06:00 Denver,106.62942603125 kBTU
2018-10-16T22:30:00-06:00 Denver,159.944139046875 kBTU
2018-10-16T22:45:00-06:00 Denver,266.573565078125 kBTU
2018-10-16T23:00:00-06:00 Denver,159.944139046875 kBTU
2018-10-16T23:15:00-06:00 Denver,133.2867825390625 kBTU
2018-10-16T23:30:00-06:00 Denver,186.6014955546875 kBTU
2018-10-16T23:45:00-06:00 Denver,159.944139046875 kBTU
2018-10-17T00:00:00-06:00 Denver,213.2588520625 kBTU
2018-10-17T00:15:00-06:00 Denver,106.62942603125 kBTU
2018-10-17T00:30:00-06:00 Denver,106.62942603125 kBTU
2018-10-17T00:45:00-06:00 Denver,133.2867825390625 kBTU
2018-10-17T01:00:00-06:00 Denver,186.6014955546875 kBTU
2018-10-17T01:15:00-06:00 Denver,239.9162085703125 kBTU
2018-10-17T01:30:00-06:00 Denver,79.9720695234375 kBTU
2018-10-17T01:45:00-06:00 Denver,159.944139046875 kBTU
2018-10-17T02:00:00-06:00 Denver,186.6014955546875 kBTU
2018-10-17T02:15:00-06:00 Denver,213.2588520625 kBTU
2018-10-17T02:30:00-06:00 Denver,213.2588520625 kBTU
2018-10-17T02:45:00-06:00 Denver,79.9720695234375 kBTU
2018-10-17T03:00:00-06:00 Denver,106.62942603125 kBTU
2018-10-17T03:15:00-06:00 Denver,186.6014955546875 kBTU
2018-10-17T03:30:00-06:00 Denver,186.6014955546875 kBTU
2018-10-17T03:45:00-06:00 Denver,159.944139046875 kBTU
2018-10-17T04:00:00-06:00 Denver,53.314713015625 kBTU
2018-10-17T04:15:00-06:00 Denver,106.62942603125 kBTU
2018-10-17T04:30:00-06:00 Denver,133.2867825390625 kBTU
2018-10-17T04:45:00-06:00 Denver,346.54563460156254 kBTU
2018-10-17T05:00:00-06:00 Denver,159.944139046875 kBTU
2018-10-17T05:15:00-06:00 Denver,106.62942603125 kBTU
2018-10-17T05:30:00-06:00 Denver,159.944139046875 kBTU
2018-10-17T05:45:00-06:00 Denver,159.944139046875 kBTU
2018-10-17T06:00:00-06:00 Denver,239.9162085703125 kBTU
2018-10-17T06:15:00-06:00 Denver,79.9720695234375 kBTU
2018-10-17T06:30:00-06:00 Denver,159.944139046875 kBTU
2018-10-17T06:45:00-06:00 Denver,666.4339126953125 kBTU
2018-10-17T07:00:00-06:00 Denver,3652.0578415703126 kBTU
2018-10-17T07:15:00-06:00 Denver,453.17506063281246 kBTU
2018-10-17T07:30:00-06:00 Denver,1732.7281730078125 kBTU
2018-10-17T07:45:00-06:00 Denver,2025.95909459375 kBTU
2018-10-17T08:00:00-06:00 Denver,1972.644381578125 kBTU
2018-10-17T08:15:00-06:00 Denver,1945.9870250703127 kBTU
2018-10-17T08:30:00-06:00 Denver,1999.3017380859376 kBTU
2018-10-17T08:45:00-06:00 Denver,1892.6723120546876 kBTU
2018-10-17T09:00:00-06:00 Denver,1786.0428860234376 kBTU
2018-10-17T09:15:00-06:00 Denver,1892.6723120546876 kBTU
2018-10-17T09:30:00-06:00 Denver,1759.3855295156252 kBTU
2018-10-17T09:45:00-06:00 Denver,2745.7077203046874 kBTU
2018-10-17T10:00:00-06:00 Denver,2612.420937765625 kBTU
2018-10-17T10:15:00-06:00 Denver,3278.8548504609375 kBTU
2018-10-17T10:30:00-06:00 Denver,3625.4004850624997 kBTU
2018-10-17T10:45:00-06:00 Denver,3518.7710590312504 kBTU
2018-10-17T11:00:00-06:00 Denver,3598.7431285546877 kBTU
2018-10-17T11:15:00-06:00 Denver,3705.372554585938 kBTU
2018-10-17T11:30:00-06:00 Denver,3572.0857720468753 kBTU
2018-10-17T11:45:00-06:00 Denver,3652.0578415703126 kBTU
2018-10-17T12:00:00-06:00 Denver,3625.4004850624997 kBTU
2018-10-17T12:15:00-06:00 Denver,3785.344624109375 kBTU
2018-10-17T12:30:00-06:00 Denver,3998.603476171875 kBTU
2018-10-17T12:45:00-06:00 Denver,3678.715198078125 kBTU
2018-10-17T13:00:00-06:00 Denver,3625.4004850624997 kBTU
2018-10-17T13:15:00-06:00 Denver,3572.0857720468753 kBTU
2018-10-17T13:30:00-06:00 Denver,3572.0857720468753 kBTU
2018-10-17T13:45:00-06:00 Denver,2745.7077203046874 kBTU
2018-10-17T14:00:00-06:00 Denver,1759.3855295156252 kBTU
2018-10-17T14:15:00-06:00 Denver,1839.3575990390625 kBTU
2018-10-17T14:30:00-06:00 Denver,1866.014955546875 kBTU
2018-10-17T14:45:00-06:00 Denver,1999.3017380859376 kBTU
2018-10-17T15:00:00-06:00 Denver,1919.3296685625 kBTU
2018-10-17T15:15:00-06:00 Denver,1839.3575990390625 kBTU
2018-10-17T15:30:00-06:00 Denver,1919.3296685625 kBTU
2018-10-17T15:45:00-06:00 Denver,2079.273807609375 kBTU
2018-10-17T16:00:00-06:00 Denver,2132.588520625 kBTU
2018-10-17T16:15:00-06:00 Denver,2132.588520625 kBTU
2018-10-17T16:30:00-06:00 Denver,2105.9311641171876 kBTU
2018-10-17T16:45:00-06:00 Denver,2105.9311641171876 kBTU
2018-10-17T17:00:00-06:00 Denver,2052.6164511015622 kBTU
2018-10-17T17:15:00-06:00 Denver,2212.5605901484373 kBTU
2018-10-17T17:30:00-06:00 Denver,2052.6164511015622 kBTU
2018-10-17T17:45:00-06:00 Denver,1919.3296685625 kBTU
2018-10-17T18:00:00-06:00 Denver,1892.6723120546876 kBTU
2018-10-17T18:15:00-06:00 Denver,1892.6723120546876 kBTU
2018-10-17T18:30:00-06:00 Denver,1919.3296685625 kBTU
2018-10-17T18:45:00-06:00 Denver,2025.95909459375 kBTU
2018-10-17T19:00:00-06:00 Denver,1945.9870250703127 kBTU
2018-10-17T19:15:00-06:00 Denver,1919.3296685625 kBTU
2018-10-17T19:30:00-06:00 Denver,1866.014955546875 kBTU
2018-10-17T19:45:00-06:00 Denver,2132.588520625 kBTU
2018-10-17T20:00:00-06:00 Denver,2052.6164511015622 kBTU
2018-10-17T20:15:00-06:00 Denver,1892.6723120546876 kBTU
2018-10-17T20:30:00-06:00 Denver,559.8044866640624 kBTU
2018-10-17T20:45:00-06:00 Denver,186.6014955546875 kBTU
2018-10-17T21:00:00-06:00 Denver,239.9162085703125 kBTU
2018-10-17T21:15:00-06:00 Denver,373.202991109375 kBTU
2018-10-17T21:30:00-06:00 Denver,213.2588520625 kBTU
2018-10-17T21:45:00-06:00 Denver,186.6014955546875 kBTU
2018-10-17T22:00:00-06:00 Denver,186.6014955546875 kBTU
2018-10-17T22:15:00-06:00 Denver,319.88827809375 kBTU
2018-10-17T22:30:00-06:00 Denver,373.202991109375 kBTU
2018-10-17T22:45:00-06:00 Denver,3065.5959983984376 kBTU
2018-10-17T23:00:00-06:00 Denver,159.944139046875 kBTU
2018-10-17T23:15:00-06:00 Denver,213.2588520625 kBTU
2018-10-17T23:30:00-06:00 Denver,266.573565078125 kBTU
2018-10-17T23:45:00-06:00 Denver,346.54563460156254 kBTU
2018-10-18T00:00:00-06:00 Denver,213.2588520625 kBTU
2018-10-18T00:15:00-06:00 Denver,159.944139046875 kBTU
2018-10-18T00:30:00-06:00 Denver,213.2588520625 kBTU
2018-10-18T00:45:00-06:00 Denver,239.9162085703125 kBTU
2018-10-18T01:00:00-06:00 Denver,399.86034761718753 kBTU
2018-10-18T01:15:00-06:00 Denver,239.9162085703125 kBTU
2018-10-18T01:30:00-06:00 Denver,213.2588520625 kBTU
2018-10-18T01:45:00-06:00 Denver,239.9162085703125 kBTU
2018-10-18T02:00:00-06:00 Denver,239.9162085703125 kBTU
2018-10-18T02:15:00-06:00 Denver,293.2309215859375 kBTU
2018-10-18T02:30:00-06:00 Denver,213.2588520625 kBTU
2018-10-18T02:45:00-06:00 Denver,213.2588520625 kBTU
2018-10-18T03:00:00-06:00 Denver,186.6014955546875 kBTU
2018-10-18T03:15:00-06:00 Denver,186.6014955546875 kBTU
2018-10-18T03:30:00-06:00 Denver,373.202991109375 kBTU
2018-10-18T03:45:00-06:00 Denver,293.2309215859375 kBTU
2018-10-18T04:00:00-06:00 Denver,239.9162085703125 kBTU
2018-10-18T04:15:00-06:00 Denver,293.2309215859375 kBTU
2018-10-18T04:30:00-06:00 Denver,186.6014955546875 kBTU
2018-10-18T04:45:00-06:00 Denver,319.88827809375 kBTU
2018-10-18T05:00:00-06:00 Denver,186.6014955546875 kBTU
2018-10-18T05:15:00-06:00 Denver,186.6014955546875 kBTU
2018-10-18T05:30:00-06:00 Denver,186.6014955546875 kBTU
2018-10-18T05:45:00-06:00 Denver,213.2588520625 kBTU
2018-10-18T06:00:00-06:00 Denver,266.573565078125 kBTU
2018-10-18T06:15:00-06:00 Denver,239.9162085703125 kBTU
2018-10-18T06:30:00-06:00 Denver,533.14713015625 kBTU
2018-10-18T06:45:00-06:00 Denver,4078.575545695313 kBTU
2018-10-18T07:00:00-06:00 Denver,26.6573565078125 kBTU
2018-10-18T07:15:00-06:00 Denver,239.9162085703125 kBTU
2018-10-18T07:30:00-06:00 Denver,1679.4134599921874 kBTU
2018-10-18T07:45:00-06:00 Denver,1945.9870250703127 kBTU
2018-10-18T08:00:00-06:00 Denver,1972.644381578125 kBTU
2018-10-18T08:15:00-06:00 Denver,1945.9870250703127 kBTU
2018-10-18T08:30:00-06:00 Denver,2025.95909459375 kBTU
2018-10-18T08:45:00-06:00 Denver,1812.7002425312498 kBTU
2018-10-18T09:00:00-06:00 Denver,2025.95909459375 kBTU
2018-10-18T09:15:00-06:00 Denver,1999.3017380859376 kBTU
2018-10-18T09:30:00-06:00 Denver,1866.014955546875 kBTU
2018-10-18T09:45:00-06:00 Denver,1866.014955546875 kBTU
2018-10-18T10:00:00-06:00 Denver,1866.014955546875 kBTU
2018-10-18T10:15:00-06:00 Denver,1866.014955546875 kBTU
2018-10-18T10:30:00-06:00 Denver,1812.7002425312498 kBTU
2018-10-18T10:45:00-06:00 Denver,1812.7002425312498 kBTU
2018-10-18T11:00:00-06:00 Denver,1839.3575990390625 kBTU
2018-10-18T11:15:00-06:00 Denver,1892.6723120546876 kBTU
2018-10-18T11:30:00-06:00 Denver,2025.95909459375 kBTU
2018-10-18T11:45:00-06:00 Denver,1945.9870250703127 kBTU
2018-10-18T12:00:00-06:00 Denver,1812.7002425312498 kBTU
2018-10-18T12:15:00-06:00 Denver,1812.7002425312498 kBTU
2018-10-18T12:30:00-06:00 Denver,1945.9870250703127 kBTU
2018-10-18T12:45:00-06:00 Denver,1786.0428860234376 kBTU
2018-10-18T13:00:00-06:00 Denver,1812.7002425312498 kBTU
2018-10-18T13:15:00-06:00 Denver,1812.7002425312498 kBTU
2018-10-18T13:30:00-06:00 Denver,1812.7002425312498 kBTU
2018-10-18T13:45:00-06:00 Denver,1732.7281730078125 kBTU
2018-10-18T14:00:00-06:00 Denver,1439.497251421875 kBTU
2018-10-18T14:15:00-06:00 Denver,1439.497251421875 kBTU
2018-10-18T14:30:00-06:00 Denver,1332.867825390625 kBTU
2018-10-18T14:45:00-06:00 Denver,1386.1825384062502 kBTU
2018-10-18T15:00:00-06:00 Denver,1359.5251818984375 kBTU
2018-10-18T15:15:00-06:00 Denver,1439.497251421875 kBTU
2018-10-18T15:30:00-06:00 Denver,1439.497251421875 kBTU
2018-10-18T15:45:00-06:00 Denver,1386.1825384062502 kBTU
2018-10-18T16:00:00-06:00 Denver,1679.4134599921874 kBTU
2018-10-18T16:15:00-06:00 Denver,1972.644381578125 kBTU
2018-10-18T16:30:00-06:00 Denver,1999.3017380859376 kBTU
2018-10-18T16:45:00-06:00 Denver,1999.3017380859376 kBTU
2018-10-18T17:00:00-06:00 Denver,2025.95909459375 kBTU
2018-10-18T17:15:00-06:00 Denver,1945.9870250703127 kBTU
2018-10-18T17:30:00-06:00 Denver,1999.3017380859376 kBTU
2018-10-18T17:45:00-06:00 Denver,1919.3296685625 kBTU
2018-10-18T18:00:00-06:00 Denver,1945.9870250703127 kBTU
2018-10-18T18:15:00-06:00 Denver,1892.6723120546876 kBTU
2018-10-18T18:30:00-06:00 Denver,1999.3017380859376 kBTU
2018-10-18T18:45:00-06:00 Denver,2079.273807609375 kBTU
2018-10-18T19:00:00-06:00 Denver,1945.9870250703127 kBTU
2018-10-18T19:15:00-06:00 Denver,2025.95909459375 kBTU
2018-10-18T19:30:00-06:00 Denver,1706.0708165 kBTU
2018-10-18T19:45:00-06:00 Denver,1492.8119644375 kBTU
2018-10-18T20:00:00-06:00 Denver,1492.8119644375 kBTU
2018-10-18T20:15:00-06:00 Denver,1279.553112375 kBTU
2018-10-18T20:30:00-06:00 Denver,213.2588520625 kBTU
2018-10-18T20:45:00-06:00 Denver,0.0 kBTU
2018-10-18T21:00:00-06:00 Denver,0.0 kBTU
2018-10-18T21:15:00-06:00 Denver,0.0 kBTU
2018-10-18T21:30:00-06:00 Denver,0.0 kBTU
2018-10-18T21:45:00-06:00 Denver,186.6014955546875 kBTU
2018-10-18T22:00:00-06:00 Denver,159.944139046875 kBTU
2018-10-18T22:15:00-06:00 Denver,106.62942603125 kBTU
2018-10-18T22:30:00-06:00 Denver,2932.309215859375 kBTU
2018-10-18T22:45:00-06:00 Denver,266.573565078125 kBTU
2018-10-18T23:00:00-06:00 Denver,186.6014955546875 kBTU
2018-10-18T23:15:00-06:00 Denver,133.2867825390625 kBTU
2018-10-18T23:30:00-06:00 Denver,79.9720695234375 kBTU
2018-10-18T23:45:00-06:00 Denver,213.2588520625 kBTU
2018-10-19T00:00:00-06:00 Denver,106.62942603125 kBTU
2018-10-19T00:15:00-06:00 Denver,159.944139046875 kBTU
2018-10-19T00:30:00-06:00 Denver,213.2588520625 kBTU
2018-10-19T00:45:00-06:00 Denver,133.2867825390625 kBTU
2018-10-19T01:00:00-06:00 Denver,239.9162085703125 kBTU
2018-10-19T01:15:00-06:00 Denver,133.2867825390625 kBTU
2018-10-19T01:30:00-06:00 Denver,186.6014955546875 kBTU
2018-10-19T01:45:00-06:00 Denver,106.62942603125 kBTU
2018-10-19T02:00:00-06:00 Denver,79.9720695234375 kBTU
2018-10-19T02:15:00-06:00 Denver,239.9162085703125 kBTU
2018-10-19T02:30:00-06:00 Denver,106.62942603125 kBTU
2018-10-19T02:45:00-06:00 Denver,106.62942603125 kBTU
2018-10-19T03:00:00-06:00 Denver,159.944139046875 kBTU
2018-10-19T03:15:00-06:00 Denver,213.2588520625 kBTU
2018-10-19T03:30:00-06:00 Denver,133.2867825390625 kBTU
2018-10-19T03:45:00-06:00 Denver,266.573565078125 kBTU
2018-10-19T04:00:00-06:00 Denver,159.944139046875 kBTU
2018-10-19T04:15:00-06:00 Denver,79.9720695234375 kBTU
2018-10-19T04:30:00-06:00 Denver,106.62942603125 kBTU
2018-10-19T04:45:00-06:00 Denver,133.2867825390625 kBTU
2018-10-19T05:00:00-06:00 Denver,213.2588520625 kBTU
2018-10-19T05:15:00-06:00 Denver,106.62942603125 kBTU
2018-10-19T05:30:00-06:00 Denver,106.62942603125 kBTU
2018-10-19T05:45:00-06:00 Denver,159.944139046875 kBTU
2018-10-19T06:00:00-06:00 Denver,213.2588520625 kBTU
2018-10-19T06:15:00-06:00 Denver,293.2309215859375 kBTU
2018-10-19T06:30:00-06:00 Denver,133.2867825390625 kBTU
2018-10-19T06:45:00-06:00 Denver,106.62942603125 kBTU
2018-10-19T07:00:00-06:00 Denver,106.62942603125 kBTU
2018-10-19T07:15:00-06:00 Denver,106.62942603125 kBTU
2018-10-19T07:30:00-06:00 Denver,1786.0428860234376 kBTU
2018-10-19T07:45:00-06:00 Denver,1919.3296685625 kBTU
2018-10-19T08:00:00-06:00 Denver,1999.3017380859376 kBTU
2018-10-19T08:15:00-06:00 Denver,1945.9870250703127 kBTU
2018-10-19T08:30:00-06:00 Denver,1972.644381578125 kBTU
2018-10-19T08:45:00-06:00 Denver,2239.2179466562498 kBTU
2018-10-19T09:00:00-06:00 Denver,1919.3296685625 kBTU
2018-10-19T09:15:00-06:00 Denver,1866.014955546875 kBTU
2018-10-19T09:30:00-06:00 Denver,1892.6723120546876 kBTU
2018-10-19T09:45:00-06:00 Denver,1839.3575990390625 kBTU
2018-10-19T10:00:00-06:00 Denver,1972.644381578125 kBTU
2018-10-19T10:15:00-06:00 Denver,2025.95909459375 kBTU
2018-10-19T10:30:00-06:00 Denver,1972.644381578125 kBTU
2018-10-19T10:45:00-06:00 Denver,2025.95909459375 kBTU
2018-10-19T11:00:00-06:00 Denver,2239.2179466562498 kBTU
2018-10-19T11:15:00-06:00 Denver,2452.47679871875 kBTU
2018-10-19T11:30:00-06:00 Denver,2159.2458771328124 kBTU
2018-10-19T11:45:00-06:00 Denver,3385.4842764921877 kBTU
2018-10-19T12:00:00-06:00 Denver,3625.4004850624997 kBTU
2018-10-19T12:15:00-06:00 Denver,3598.7431285546877 kBTU
2018-10-19T12:30:00-06:00 Denver,2319.1900161796875 kBTU
2018-10-19T12:45:00-06:00 Denver,2932.309215859375 kBTU
2018-10-19T13:00:00-06:00 Denver,3092.25335490625 kBTU
2018-10-19T13:15:00-06:00 Denver,3225.5401374453127 kBTU
2018-10-19T13:30:00-06:00 Denver,3678.715198078125 kBTU
2018-10-19T13:45:00-06:00 Denver,4958.268310453125 kBTU
2018-10-19T14:00:00-06:00 Denver,6237.821422828125 kBTU
2018-10-19T14:15:00-06:00 Denver,3652.0578415703126 kBTU
2018-10-19T14:30:00-06:00 Denver,3705.372554585938 kBTU
2018-10-19T14:45:00-06:00 Denver,3705.372554585938 kBTU
2018-10-19T15:00:00-06:00 Denver,3678.715198078125 kBTU
2018-10-19T15:15:00-06:00 Denver,6077.87728378125 kBTU
2018-10-19T15:30:00-06:00 Denver,3678.715198078125 kBTU
2018-10-19T15:45:00-06:00 Denver,4318.491754265625 kBTU
2018-10-19T16:00:00-06:00 Denver,4691.694745375 kBTU
2018-10-19T16:15:00-06:00 Denver,1919.3296685625 kBTU
2018-10-19T16:30:00-06:00 Denver,1866.014955546875 kBTU
2018-10-19T16:45:00-06:00 Denver,1866.014955546875 kBTU
2018-10-19T17:00:00-06:00 Denver,1812.7002425312498 kBTU
2018-10-19T17:15:00-06:00 Denver,1839.3575990390625 kBTU
2018-10-19T17:30:00-06:00 Denver,1892.6723120546876 kBTU
2018-10-19T17:45:00-06:00 Denver,1812.7002425312498 kBTU
2018-10-19T18:00:00-06:00 Denver,1786.0428860234376 kBTU
2018-10-19T18:15:00-06:00 Denver,1812.7002425312498 kBTU
2018-10-19T18:30:00-06:00 Denver,1919.3296685625 kBTU
2018-10-19T18:45:00-06:00 Denver,1972.644381578125 kBTU
2018-10-19T19:00:00-06:00 Denver,1972.644381578125 kBTU
2018-10-19T19:15:00-06:00 Denver,1812.7002425312498 kBTU
2018-10-19T19:30:00-06:00 Denver,1839.3575990390625 kBTU
2018-10-19T19:45:00-06:00 Denver,1812.7002425312498 kBTU
2018-10-19T20:00:00-06:00 Denver,1919.3296685625 kBTU
2018-10-19T20:15:00-06:00 Denver,1839.3575990390625 kBTU
2018-10-19T20:30:00-06:00 Denver,533.14713015625 kBTU
2018-10-19T20:45:00-06:00 Denver,106.62942603125 kBTU
2018-10-19T21:00:00-06:00 Denver,133.2867825390625 kBTU
2018-10-19T21:15:00-06:00 Denver,373.202991109375 kBTU
2018-10-19T21:30:00-06:00 Denver,213.2588520625 kBTU
2018-10-19T21:45:00-06:00 Denver,106.62942603125 kBTU
2018-10-19T22:00:00-06:00 Denver,106.62942603125 kBTU
2018-10-19T22:15:00-06:00 Denver,106.62942603125 kBTU
2018-10-19T22:30:00-06:00 Denver,239.9162085703125 kBTU
2018-10-19T22:45:00-06:00 Denver,79.9720695234375 kBTU
2018-10-19T23:00:00-06:00 Denver,106.62942603125 kBTU
2018-10-19T23:15:00-06:00 Denver,133.2867825390625 kBTU
2018-10-19T23:30:00-06:00 Denver,159.944139046875 kBTU
2018-10-19T23:45:00-06:00 Denver,266.573565078125 kBTU
2018-10-20T00:00:00-06:00 Denver,186.6014955546875 kBTU
2018-10-20T00:15:00-06:00 Denver,186.6014955546875 kBTU
2018-10-20T00:30:00-06:00 Denver,106.62942603125 kBTU
2018-10-20T00:45:00-06:00 Denver,106.62942603125 kBTU
2018-10-20T01:00:00-06:00 Denver,239.9162085703125 kBTU
2018-10-20T01:15:00-06:00 Denver,79.9720695234375 kBTU
2018-10-20T01:30:00-06:00 Denver,133.2867825390625 kBTU
2018-10-20T01:45:00-06:00 Denver,186.6014955546875 kBTU
2018-10-20T02:00:00-06:00 Denver,106.62942603125 kBTU
2018-10-20T02:15:00-06:00 Denver,186.6014955546875 kBTU
2018-10-20T02:30:00-06:00 Denver,186.6014955546875 kBTU
2018-10-20T02:45:00-06:00 Denver,186.6014955546875 kBTU
2018-10-20T03:00:00-06:00 Denver,159.944139046875 kBTU
2018-10-20T03:15:00-06:00 Denver,159.944139046875 kBTU
2018-10-20T03:30:00-06:00 Denver,133.2867825390625 kBTU
2018-10-20T03:45:00-06:00 Denver,186.6014955546875 kBTU
2018-10-20T04:00:00-06:00 Denver,159.944139046875 kBTU
2018-10-20T04:15:00-06:00 Denver,106.62942603125 kBTU
2018-10-20T04:30:00-06:00 Denver,186.6014955546875 kBTU
2018-10-20T04:45:00-06:00 Denver,106.62942603125 kBTU
2018-10-20T05:00:00-06:00 Denver,106.62942603125 kBTU
2018-10-20T05:15:00-06:00 Denver,213.2588520625 kBTU
2018-10-20T05:30:00-06:00 Denver,186.6014955546875 kBTU
2018-10-20T05:45:00-06:00 Denver,213.2588520625 kBTU
2018-10-20T06:00:00-06:00 Denver,106.62942603125 kBTU
2018-10-20T06:15:00-06:00 Denver,213.2588520625 kBTU
2018-10-20T06:30:00-06:00 Denver,133.2867825390625 kBTU
2018-10-20T06:45:00-06:00 Denver,53.314713015625 kBTU
2018-10-20T07:00:00-06:00 Denver,186.6014955546875 kBTU
2018-10-20T07:15:00-06:00 Denver,2559.10622475 kBTU
2018-10-20T07:30:00-06:00 Denver,106.62942603125 kBTU
2018-10-20T07:45:00-06:00 Denver,79.9720695234375 kBTU
2018-10-20T08:00:00-06:00 Denver,186.6014955546875 kBTU
2018-10-20T08:15:00-06:00 Denver,293.2309215859375 kBTU
2018-10-20T08:30:00-06:00 Denver,133.2867825390625 kBTU
2018-10-20T08:45:00-06:00 Denver,186.6014955546875 kBTU
2018-10-20T09:00:00-06:00 Denver,133.2867825390625 kBTU
2018-10-20T09:15:00-06:00 Denver,79.9720695234375 kBTU
2018-10-20T09:30:00-06:00 Denver,239.9162085703125 kBTU
2018-10-20T09:45:00-06:00 Denver,79.9720695234375 kBTU
2018-10-20T10:00:00-06:00 Denver,106.62942603125 kBTU
2018-10-20T10:15:00-06:00 Denver,106.62942603125 kBTU
2018-10-20T10:30:00-06:00 Denver,106.62942603125 kBTU
2018-10-20T10:45:00-06:00 Denver,239.9162085703125 kBTU
2018-10-20T11:00:00-06:00 Denver,239.9162085703125 kBTU
2018-10-20T11:15:00-06:00 Denver,186.6014955546875 kBTU
2018-10-20T11:30:00-06:00 Denver,106.62942603125 kBTU
2018-10-20T11:45:00-06:00 Denver,186.6014955546875 kBTU
2018-10-20T12:00:00-06:00 Denver,159.944139046875 kBTU
2018-10-20T12:15:00-06:00 Denver,106.62942603125 kBTU
2018-10-20T12:30:00-06:00 Denver,106.62942603125 kBTU
2018-10-20T12:45:00-06:00 Denver,53.314713015625 kBTU
2018-10-20T13:00:00-06:00 Denver,239.9162085703125 kBTU
2018-10-20T13:15:00-06:00 Denver,106.62942603125 kBTU
2018-10-20T13:30:00-06:00 Denver,186.6014955546875 kBTU
2018-10-20T13:45:00-06:00 Denver,239.9162085703125 kBTU
2018-10-20T14:00:00-06:00 Denver,159.944139046875 kBTU
2018-10-20T14:15:00-06:00 Denver,213.2588520625 kBTU
2018-10-20T14:30:00-06:00 Denver,79.9720695234375 kBTU
2018-10-20T14:45:00-06:00 Denver,106.62942603125 kBTU
2018-10-20T15:00:00-06:00 Denver,106.62942603125 kBTU
2018-10-20T15:15:00-06:00 Denver,106.62942603125 kBTU
2018-10-20T15:30:00-06:00 Denver,213.2588520625 kBTU
2018-10-20T15:45:00-06:00 Denver,79.9720695234375 kBTU
2018-10-20T16:00:00-06:00 Denver,186.6014955546875 kBTU
2018-10-20T16:15:00-06:00 Denver,133.2867825390625 kBTU
2018-10-20T16:30:00-06:00 Denver,159.944139046875 kBTU
2018-10-20T16:45:00-06:00 Denver,319.88827809375 kBTU
2018-10-20T17:00:00-06:00 Denver,106.62942603125 kBTU
2018-10-20T17:15:00-06:00 Denver,106.62942603125 kBTU
2018-10-20T17:30:00-06:00 Denver,79.9720695234375 kBTU
2018-10-20T17:45:00-06:00 Denver,79.9720695234375 kBTU
2018-10-20T18:00:00-06:00 Denver,239.9162085703125 kBTU
2018-10-20T18:15:00-06:00 Denver,159.944139046875 kBTU
2018-10-20T18:30:00-06:00 Denver,133.2867825390625 kBTU
2018-10-20T18:45:00-06:00 Denver,106.62942603125 kBTU
2018-10-20T19:00:00-06:00 Denver,106.62942603125 kBTU
2018-10-20T19:15:00-06:00 Denver,239.9162085703125 kBTU
2018-10-20T19:30:00-06:00 Denver,213.2588520625 kBTU
2018-10-20T19:45:00-06:00 Denver,133.2867825390625 kBTU
2018-10-20T20:00:00-06:00 Denver,106.62942603125 kBTU
2018-10-20T20:15:00-06:00 Denver,106.62942603125 kBTU
2018-10-20T20:30:00-06:00 Denver,266.573565078125 kBTU
2018-10-20T20:45:00-06:00 Denver,159.944139046875 kBTU
2018-10-20T21:00:00-06:00 Denver,106.62942603125 kBTU
2018-10-20T21:15:00-06:00 Denver,106.62942603125 kBTU
2018-10-20T21:30:00-06:00 Denver,53.314713015625 kBTU
2018-10-20T21:45:00-06:00 Denver,213.2588520625 kBTU
2018-10-20T22:00:00-06:00 Denver,79.9720695234375 kBTU
2018-10-20T22:15:00-06:00 Denver,186.6014955546875 kBTU
2018-10-20T22:30:00-06:00 Denver,186.6014955546875 kBTU
2018-10-20T22:45:00-06:00 Denver,133.2867825390625 kBTU
2018-10-20T23:00:00-06:00 Denver,266.573565078125 kBTU
2018-10-20T23:15:00-06:00 Denver,106.62942603125 kBTU
2018-10-20T23:30:00-06:00 Denver,106.62942603125 kBTU
2018-10-20T23:45:00-06:00 Denver,106.62942603125 kBTU
2018-10-21T00:00:00-06:00 Denver,106.62942603125 kBTU
2018-10-21T00:15:00-06:00 Denver,186.6014955546875 kBTU
2018-10-21T00:30:00-06:00 Denver,106.62942603125 kBTU
2018-10-21T00:45:00-06:00 Denver,106.62942603125 kBTU
2018-10-21T01:00:00-06:00 Denver,159.944139046875 kBTU
2018-10-21T01:15:00-06:00 Denver,293.2309215859375 kBTU
2018-10-21T01:30:00-06:00 Denver,266.573565078125 kBTU
2018-10-21T01:45:00-06:00 Denver,106.62942603125 kBTU
2018-10-21T02:00:00-06:00 Denver,79.9720695234375 kBTU
2018-10-21T02:15:00-06:00 Denver,106.62942603125 kBTU
2018-10-21T02:30:00-06:00 Denver,2985.623928875 kBTU
2018-10-21T02:45:00-06:00 Denver,186.6014955546875 kBTU
2018-10-21T03:00:00-06:00 Denver,106.62942603125 kBTU
2018-10-21T03:15:00-06:00 Denver,133.2867825390625 kBTU
2018-10-21T03:30:00-06:00 Denver,106.62942603125 kBTU
2018-10-21T03:45:00-06:00 Denver,186.6014955546875 kBTU
2018-10-21T04:00:00-06:00 Denver,399.86034761718753 kBTU
2018-10-21T04:15:00-06:00 Denver,133.2867825390625 kBTU
2018-10-21T04:30:00-06:00 Denver,106.62942603125 kBTU
2018-10-21T04:45:00-06:00 Denver,106.62942603125 kBTU
2018-10-21T05:00:00-06:00 Denver,106.62942603125 kBTU
2018-10-21T05:15:00-06:00 Denver,213.2588520625 kBTU
2018-10-21T05:30:00-06:00 Denver,79.9720695234375 kBTU
2018-10-21T05:45:00-06:00 Denver,106.62942603125 kBTU
2018-10-21T06:00:00-06:00 Denver,106.62942603125 kBTU
2018-10-21T06:15:00-06:00 Denver,133.2867825390625 kBTU
2018-10-21T06:30:00-06:00 Denver,293.2309215859375 kBTU
2018-10-21T06:45:00-06:00 Denver,239.9162085703125 kBTU
2018-10-21T07:00:00-06:00 Denver,186.6014955546875 kBTU
2018-10-21T07:15:00-06:00 Denver,106.62942603125 kBTU
2018-10-21T07:30:00-06:00 Denver,159.944139046875 kBTU
2018-10-21T07:45:00-06:00 Denver,133.2867825390625 kBTU
2018-10-21T08:00:00-06:00 Denver,399.86034761718753 kBTU
2018-10-21T08:15:00-06:00 Denver,186.6014955546875 kBTU
2018-10-21T08:30:00-06:00 Denver,106.62942603125 kBTU
2018-10-21T08:45:00-06:00 Denver,239.9162085703125 kBTU
2018-10-21T09:00:00-06:00 Denver,159.944139046875 kBTU
2018-10-21T09:15:00-06:00 Denver,133.2867825390625 kBTU
2018-10-21T09:30:00-06:00 Denver,213.2588520625 kBTU
2018-10-21T09:45:00-06:00 Denver,159.944139046875 kBTU
2018-10-21T10:00:00-06:00 Denver,106.62942603125 kBTU
2018-10-21T10:15:00-06:00 Denver,239.9162085703125 kBTU
2018-10-21T10:30:00-06:00 Denver,106.62942603125 kBTU
2018-10-21T10:45:00-06:00 Denver,106.62942603125 kBTU
2018-10-21T11:00:00-06:00 Denver,106.62942603125 kBTU
2018-10-21T11:15:00-06:00 Denver,79.9720695234375 kBTU
2018-10-21T11:30:00-06:00 Denver,319.88827809375 kBTU
2018-10-21T11:45:00-06:00 Denver,106.62942603125 kBTU
2018-10-21T12:00:00-06:00 Denver,106.62942603125 kBTU
2018-10-21T12:15:00-06:00 Denver,239.9162085703125 kBTU
2018-10-21T12:30:00-06:00 Denver,159.944139046875 kBTU
2018-10-21T12:45:00-06:00 Denver,213.2588520625 kBTU
2018-10-21T13:00:00-06:00 Denver,79.9720695234375 kBTU
2018-10-21T13:15:00-06:00 Denver,106.62942603125 kBTU
2018-10-21T13:30:00-06:00 Denver,106.62942603125 kBTU
2018-10-21T13:45:00-06:00 Denver,133.2867825390625 kBTU
2018-10-21T14:00:00-06:00 Denver,293.2309215859375 kBTU
2018-10-21T14:15:00-06:00 Denver,79.9720695234375 kBTU
2018-10-21T14:30:00-06:00 Denver,106.62942603125 kBTU
2018-10-21T14:45:00-06:00 Denver,106.62942603125 kBTU
2018-10-21T15:00:00-06:00 Denver,213.2588520625 kBTU
2018-10-21T15:15:00-06:00 Denver,266.573565078125 kBTU
2018-10-21T15:30:00-06:00 Denver,106.62942603125 kBTU
2018-10-21T15:45:00-06:00 Denver,106.62942603125 kBTU
2018-10-21T16:00:00-06:00 Denver,79.9720695234375 kBTU
2018-10-21T16:15:00-06:00 Denver,159.944139046875 kBTU
2018-10-21T16:30:00-06:00 Denver,266.573565078125 kBTU
2018-10-21T16:45:00-06:00 Denver,106.62942603125 kBTU
2018-10-21T17:00:00-06:00 Denver,106.62942603125 kBTU
2018-10-21T17:15:00-06:00 Denver,79.9720695234375 kBTU
2018-10-21T17:30:00-06:00 Denver,106.62942603125 kBTU
2018-10-21T17:45:00-06:00 Denver,266.573565078125 kBTU
2018-10-21T18:00:00-06:00 Denver,213.2588520625 kBTU
2018-10-21T18:15:00-06:00 Denver,106.62942603125 kBTU
2018-10-21T18:30:00-06:00 Denver,106.62942603125 kBTU
2018-10-21T18:45:00-06:00 Denver,133.2867825390625 kBTU
2018-10-21T19:00:00-06:00 Denver,239.9162085703125 kBTU
2018-10-21T19:15:00-06:00 Denver,133.2867825390625 kBTU
2018-10-21T19:30:00-06:00 Denver,106.62942603125 kBTU
2018-10-21T19:45:00-06:00 Denver,106.62942603125 kBTU
2018-10-21T20:00:00-06:00 Denver,106.62942603125 kBTU
2018-10-21T20:15:00-06:00 Denver,213.2588520625 kBTU
2018-10-21T20:30:00-06:00 Denver,106.62942603125 kBTU
2018-10-21T20:45:00-06:00 Denver,213.2588520625 kBTU
2018-10-21T21:00:00-06:00 Denver,159.944139046875 kBTU
2018-10-21T21:15:00-06:00 Denver,106.62942603125 kBTU
2018-10-21T21:30:00-06:00 Denver,853.03540825 kBTU
2018-10-21T21:45:00-06:00 Denver,2505.791511734375 kBTU
2018-10-21T22:00:00-06:00 Denver,133.2867825390625 kBTU
2018-10-21T22:15:00-06:00 Denver,106.62942603125 kBTU
2018-10-21T22:30:00-06:00 Denver,53.314713015625 kBTU
2018-10-21T22:45:00-06:00 Denver,213.2588520625 kBTU
2018-10-21T23:00:00-06:00 Denver,106.62942603125 kBTU
2018-10-21T23:15:00-06:00 Denver,106.62942603125 kBTU
2018-10-21T23:30:00-06:00 Denver,159.944139046875 kBTU
2018-10-21T23:45:00-06:00 Denver,213.2588520625 kBTU
2018-10-22T00:00:00-06:00 Denver,266.573565078125 kBTU
2018-10-22T00:15:00-06:00 Denver,159.944139046875 kBTU
2018-10-22T00:30:00-06:00 Denver,133.2867825390625 kBTU
2018-10-22T00:45:00-06:00 Denver,106.62942603125 kBTU
2018-10-22T01:00:00-06:00 Denver,106.62942603125 kBTU
2018-10-22T01:15:00-06:00 Denver,213.2588520625 kBTU
2018-10-22T01:30:00-06:00 Denver,106.62942603125 kBTU
2018-10-22T01:45:00-06:00 Denver,79.9720695234375 kBTU
2018-10-22T02:00:00-06:00 Denver,106.62942603125 kBTU
2018-10-22T02:15:00-06:00 Denver,186.6014955546875 kBTU
2018-10-22T02:30:00-06:00 Denver,373.202991109375 kBTU
2018-10-22T02:45:00-06:00 Denver,159.944139046875 kBTU
2018-10-22T03:00:00-06:00 Denver,133.2867825390625 kBTU
2018-10-22T03:15:00-06:00 Denver,106.62942603125 kBTU
2018-10-22T03:30:00-06:00 Denver,213.2588520625 kBTU
2018-10-22T03:45:00-06:00 Denver,106.62942603125 kBTU
2018-10-22T04:00:00-06:00 Denver,79.9720695234375 kBTU
2018-10-22T04:15:00-06:00 Denver,106.62942603125 kBTU
2018-10-22T04:30:00-06:00 Denver,106.62942603125 kBTU
2018-10-22T04:45:00-06:00 Denver,239.9162085703125 kBTU
2018-10-22T05:00:00-06:00 Denver,213.2588520625 kBTU
2018-10-22T05:15:00-06:00 Denver,266.573565078125 kBTU
2018-10-22T05:30:00-06:00 Denver,106.62942603125 kBTU
2018-10-22T05:45:00-06:00 Denver,133.2867825390625 kBTU
2018-10-22T06:00:00-06:00 Denver,159.944139046875 kBTU
2018-10-22T06:15:00-06:00 Denver,106.62942603125 kBTU
2018-10-22T06:30:00-06:00 Denver,1892.6723120546876 kBTU
2018-10-22T06:45:00-06:00 Denver,0.0 kBTU
2018-10-22T07:00:00-06:00 Denver,0.0 kBTU
2018-10-22T07:15:00-06:00 Denver,186.6014955546875 kBTU
2018-10-22T07:30:00-06:00 Denver,1759.3855295156252 kBTU
2018-10-22T07:45:00-06:00 Denver,2025.95909459375 kBTU
2018-10-22T08:00:00-06:00 Denver,2052.6164511015622 kBTU
2018-10-22T08:15:00-06:00 Denver,2265.8753031640626 kBTU
2018-10-22T08:30:00-06:00 Denver,4318.491754265625 kBTU
2018-10-22T08:45:00-06:00 Denver,1812.7002425312498 kBTU
2018-10-22T09:00:00-06:00 Denver,1839.3575990390625 kBTU
2018-10-22T09:15:00-06:00 Denver,1812.7002425312498 kBTU
2018-10-22T09:30:00-06:00 Denver,1786.0428860234376 kBTU
2018-10-22T09:45:00-06:00 Denver,1945.9870250703127 kBTU
2018-10-22T10:00:00-06:00 Denver,1866.014955546875 kBTU
2018-10-22T10:15:00-06:00 Denver,1866.014955546875 kBTU
2018-10-22T10:30:00-06:00 Denver,1945.9870250703127 kBTU
2018-10-22T10:45:00-06:00 Denver,2159.2458771328124 kBTU
2018-10-22T11:00:00-06:00 Denver,3278.8548504609375 kBTU
2018-10-22T11:15:00-06:00 Denver,3678.715198078125 kBTU
2018-10-22T11:30:00-06:00 Denver,3732.02991109375 kBTU
2018-10-22T11:45:00-06:00 Denver,3598.7431285546877 kBTU
2018-10-22T12:00:00-06:00 Denver,3758.6872676015623 kBTU
2018-10-22T12:15:00-06:00 Denver,3625.4004850624997 kBTU
2018-10-22T12:30:00-06:00 Denver,3652.0578415703126 kBTU
2018-10-22T12:45:00-06:00 Denver,3785.344624109375 kBTU
2018-10-22T13:00:00-06:00 Denver,3918.6314066484374 kBTU
2018-10-22T13:15:00-06:00 Denver,3678.715198078125 kBTU
2018-10-22T13:30:00-06:00 Denver,3758.6872676015623 kBTU
2018-10-22T13:45:00-06:00 Denver,3678.715198078125 kBTU
2018-10-22T14:00:00-06:00 Denver,6051.219927273437 kBTU
2018-10-22T14:15:00-06:00 Denver,3945.28876315625 kBTU
2018-10-22T14:30:00-06:00 Denver,3705.372554585938 kBTU
2018-10-22T14:45:00-06:00 Denver,3785.344624109375 kBTU
2018-10-22T15:00:00-06:00 Denver,3812.001980617187 kBTU
2018-10-22T15:15:00-06:00 Denver,3812.001980617187 kBTU
2018-10-22T15:30:00-06:00 Denver,3891.9740501406254 kBTU
2018-10-22T15:45:00-06:00 Denver,3758.6872676015623 kBTU
2018-10-22T16:00:00-06:00 Denver,2665.73565078125 kBTU
2018-10-22T16:15:00-06:00 Denver,2185.9032336406253 kBTU
2018-10-22T16:30:00-06:00 Denver,2345.8473726875 kBTU
2018-10-22T16:45:00-06:00 Denver,2292.532659671875 kBTU
2018-10-22T17:00:00-06:00 Denver,2452.47679871875 kBTU
2018-10-22T17:15:00-06:00 Denver,2505.791511734375 kBTU
2018-10-22T17:30:00-06:00 Denver,2612.420937765625 kBTU
2018-10-22T17:45:00-06:00 Denver,2665.73565078125 kBTU
2018-10-22T18:00:00-06:00 Denver,2559.10622475 kBTU
2018-10-22T18:15:00-06:00 Denver,2452.47679871875 kBTU
2018-10-22T18:30:00-06:00 Denver,2505.791511734375 kBTU
2018-10-22T18:45:00-06:00 Denver,2559.10622475 kBTU
2018-10-22T19:00:00-06:00 Denver,2452.47679871875 kBTU
2018-10-22T19:15:00-06:00 Denver,2452.47679871875 kBTU
2018-10-22T19:30:00-06:00 Denver,2479.1341552265626 kBTU
2018-10-22T19:45:00-06:00 Denver,2532.4488682421875 kBTU
2018-10-22T20:00:00-06:00 Denver,2665.73565078125 kBTU
2018-10-22T20:15:00-06:00 Denver,2559.10622475 kBTU
2018-10-22T20:30:00-06:00 Denver,1066.2942603125 kBTU
2018-10-22T20:45:00-06:00 Denver,746.40598221875 kBTU
2018-10-22T21:00:00-06:00 Denver,773.0633387265625 kBTU
2018-10-22T21:15:00-06:00 Denver,799.7206952343751 kBTU
2018-10-22T21:30:00-06:00 Denver,853.03540825 kBTU
2018-10-22T21:45:00-06:00 Denver,746.40598221875 kBTU
2018-10-22T22:00:00-06:00 Denver,853.03540825 kBTU
2018-10-22T22:15:00-06:00 Denver,773.0633387265625 kBTU
2018-10-22T22:30:00-06:00 Denver,799.7206952343751 kBTU
2018-10-22T22:45:00-06:00 Denver,1012.979547296875 kBTU
2018-10-22T23:00:00-06:00 Denver,773.0633387265625 kBTU
2018-10-22T23:15:00-06:00 Denver,2025.95909459375 kBTU
2018-10-22T23:30:00-06:00 Denver,1945.9870250703127 kBTU
2018-10-22T23:45:00-06:00 Denver,746.40598221875 kBTU
2018-10-23T00:00:00-06:00 Denver,879.6927647578126 kBTU
2018-10-23T00:15:00-06:00 Denver,799.7206952343751 kBTU
2018-10-23T00:30:00-06:00 Denver,853.03540825 kBTU
2018-10-23T00:45:00-06:00 Denver,746.40598221875 kBTU
2018-10-23T01:00:00-06:00 Denver,773.0633387265625 kBTU
2018-10-23T01:15:00-06:00 Denver,1012.979547296875 kBTU
2018-10-23T01:30:00-06:00 Denver,853.03540825 kBTU
2018-10-23T01:45:00-06:00 Denver,773.0633387265625 kBTU
2018-10-23T02:00:00-06:00 Denver,746.40598221875 kBTU
2018-10-23T02:15:00-06:00 Denver,746.40598221875 kBTU
2018-10-23T02:30:00-06:00 Denver,906.3501212656249 kBTU
2018-10-23T02:45:00-06:00 Denver,799.7206952343751 kBTU
2018-10-23T03:00:00-06:00 Denver,826.3780517421875 kBTU
2018-10-23T03:15:00-06:00 Denver,773.0633387265625 kBTU
2018-10-23T03:30:00-06:00 Denver,773.0633387265625 kBTU
2018-10-23T03:45:00-06:00 Denver,906.3501212656249 kBTU
2018-10-23T04:00:00-06:00 Denver,879.6927647578126 kBTU
2018-10-23T04:15:00-06:00 Denver,826.3780517421875 kBTU
2018-10-23T04:30:00-06:00 Denver,746.40598221875 kBTU
2018-10-23T04:45:00-06:00 Denver,799.7206952343751 kBTU
2018-10-23T05:00:00-06:00 Denver,879.6927647578126 kBTU
2018-10-23T05:15:00-06:00 Denver,853.03540825 kBTU
2018-10-23T05:30:00-06:00 Denver,773.0633387265625 kBTU
2018-10-23T05:45:00-06:00 Denver,773.0633387265625 kBTU
2018-10-23T06:00:00-06:00 Denver,746.40598221875 kBTU
2018-10-23T06:15:00-06:00 Denver,879.6927647578126 kBTU
2018-10-23T06:30:00-06:00 Denver,746.40598221875 kBTU
2018-10-23T06:45:00-06:00 Denver,1519.4693209453126 kBTU
2018-10-23T07:00:00-06:00 Denver,2212.5605901484373 kBTU
2018-10-23T07:15:00-06:00 Denver,719.7486257109375 kBTU
2018-10-23T07:30:00-06:00 Denver,1839.3575990390625 kBTU
2018-10-23T07:45:00-06:00 Denver,1972.644381578125 kBTU
2018-10-23T08:00:00-06:00 Denver,1945.9870250703127 kBTU
2018-10-23T08:15:00-06:00 Denver,1812.7002425312498 kBTU
2018-10-23T08:30:00-06:00 Denver,1706.0708165 kBTU
2018-10-23T08:45:00-06:00 Denver,1866.014955546875 kBTU
2018-10-23T09:00:00-06:00 Denver,1892.6723120546876 kBTU
2018-10-23T09:15:00-06:00 Denver,1892.6723120546876 kBTU
2018-10-23T09:30:00-06:00 Denver,1892.6723120546876 kBTU
2018-10-23T09:45:00-06:00 Denver,1839.3575990390625 kBTU
2018-10-23T10:00:00-06:00 Denver,2105.9311641171876 kBTU
2018-10-23T10:15:00-06:00 Denver,2265.8753031640626 kBTU
2018-10-23T10:30:00-06:00 Denver,2105.9311641171876 kBTU
2018-10-23T10:45:00-06:00 Denver,2105.9311641171876 kBTU
2018-10-23T11:00:00-06:00 Denver,3038.938641890625 kBTU
2018-10-23T11:15:00-06:00 Denver,3118.9107114140625 kBTU
2018-10-23T11:30:00-06:00 Denver,3172.2254244296873 kBTU
2018-10-23T11:45:00-06:00 Denver,3225.5401374453127 kBTU
2018-10-23T12:00:00-06:00 Denver,3145.5680679218754 kBTU
2018-10-23T12:15:00-06:00 Denver,3198.8827809375002 kBTU
2018-10-23T12:30:00-06:00 Denver,3652.0578415703126 kBTU
2018-10-23T12:45:00-06:00 Denver,3278.8548504609375 kBTU
2018-10-23T13:00:00-06:00 Denver,3305.51220696875 kBTU
2018-10-23T13:15:00-06:00 Denver,3145.5680679218754 kBTU
2018-10-23T13:30:00-06:00 Denver,3652.0578415703126 kBTU
2018-10-23T13:45:00-06:00 Denver,3625.4004850624997 kBTU
2018-10-23T14:00:00-06:00 Denver,3545.4284155390624 kBTU
2018-10-23T14:15:00-06:00 Denver,2345.8473726875 kBTU
2018-10-23T14:30:00-06:00 Denver,2185.9032336406253 kBTU
2018-10-23T14:45:00-06:00 Denver,2132.588520625 kBTU
2018-10-23T15:00:00-06:00 Denver,2185.9032336406253 kBTU
2018-10-23T15:15:00-06:00 Denver,2159.2458771328124 kBTU
2018-10-23T15:30:00-06:00 Denver,2052.6164511015622 kBTU
2018-10-23T15:45:00-06:00 Denver,1652.756103484375 kBTU
2018-10-23T16:00:00-06:00 Denver,1626.0987469765623 kBTU
2018-10-23T16:15:00-06:00 Denver,1919.3296685625 kBTU
2018-10-23T16:30:00-06:00 Denver,1892.6723120546876 kBTU
2018-10-23T16:45:00-06:00 Denver,2052.6164511015622 kBTU
2018-10-23T17:00:00-06:00 Denver,1999.3017380859376 kBTU
2018-10-23T17:15:00-06:00 Denver,1866.014955546875 kBTU
2018-10-23T17:30:00-06:00 Denver,1919.3296685625 kBTU
2018-10-23T17:45:00-06:00 Denver,1972.644381578125 kBTU
2018-10-23T18:00:00-06:00 Denver,1866.014955546875 kBTU
2018-10-23T18:15:00-06:00 Denver,1972.644381578125 kBTU
2018-10-23T18:30:00-06:00 Denver,1892.6723120546876 kBTU
2018-10-23T18:45:00-06:00 Denver,1866.014955546875 kBTU
2018-10-23T19:00:00-06:00 Denver,1945.9870250703127 kBTU
2018-10-23T19:15:00-06:00 Denver,1945.9870250703127 kBTU
2018-10-23T19:30:00-06:00 Denver,2052.6164511015622 kBTU
2018-10-23T19:45:00-06:00 Denver,1866.014955546875 kBTU
2018-10-23T20:00:00-06:00 Denver,1919.3296685625 kBTU
2018-10-23T20:15:00-06:00 Denver,1945.9870250703127 kBTU
2018-10-23T20:30:00-06:00 Denver,453.17506063281246 kBTU
2018-10-23T20:45:00-06:00 Denver,293.2309215859375 kBTU
2018-10-23T21:00:00-06:00 Denver,186.6014955546875 kBTU
2018-10-23T21:15:00-06:00 Denver,186.6014955546875 kBTU
2018-10-23T21:30:00-06:00 Denver,213.2588520625 kBTU
2018-10-23T21:45:00-06:00 Denver,293.2309215859375 kBTU
2018-10-23T22:00:00-06:00 Denver,399.86034761718753 kBTU
2018-10-23T22:15:00-06:00 Denver,186.6014955546875 kBTU
2018-10-23T22:30:00-06:00 Denver,186.6014955546875 kBTU
2018-10-23T22:45:00-06:00 Denver,266.573565078125 kBTU
2018-10-23T23:00:00-06:00 Denver,213.2588520625 kBTU
2018-10-23T23:15:00-06:00 Denver,239.9162085703125 kBTU
2018-10-23T23:30:00-06:00 Denver,266.573565078125 kBTU
2018-10-23T23:45:00-06:00 Denver,186.6014955546875 kBTU
2018-10-24T00:00:00-06:00 Denver,186.6014955546875 kBTU
2018-10-24T00:15:00-06:00 Denver,293.2309215859375 kBTU
2018-10-24T00:30:00-06:00 Denver,373.202991109375 kBTU
2018-10-24T00:45:00-06:00 Denver,213.2588520625 kBTU
2018-10-24T01:00:00-06:00 Denver,213.2588520625 kBTU
2018-10-24T01:15:00-06:00 Denver,266.573565078125 kBTU
2018-10-24T01:30:00-06:00 Denver,213.2588520625 kBTU
2018-10-24T01:45:00-06:00 Denver,239.9162085703125 kBTU
2018-10-24T02:00:00-06:00 Denver,266.573565078125 kBTU
2018-10-24T02:15:00-06:00 Denver,213.2588520625 kBTU
2018-10-24T02:30:00-06:00 Denver,159.944139046875 kBTU
2018-10-24T02:45:00-06:00 Denver,213.2588520625 kBTU
2018-10-24T03:00:00-06:00 Denver,293.2309215859375 kBTU
2018-10-24T03:15:00-06:00 Denver,373.202991109375 kBTU
2018-10-24T03:30:00-06:00 Denver,2985.623928875 kBTU
2018-10-24T03:45:00-06:00 Denver,266.573565078125 kBTU
2018-10-24T04:00:00-06:00 Denver,213.2588520625 kBTU
2018-10-24T04:15:00-06:00 Denver,186.6014955546875 kBTU
2018-10-24T04:30:00-06:00 Denver,319.88827809375 kBTU
2018-10-24T04:45:00-06:00 Denver,159.944139046875 kBTU
2018-10-24T05:00:00-06:00 Denver,213.2588520625 kBTU
2018-10-24T05:15:00-06:00 Denver,159.944139046875 kBTU
2018-10-24T05:30:00-06:00 Denver,239.9162085703125 kBTU
2018-10-24T05:45:00-06:00 Denver,426.517704125 kBTU
2018-10-24T06:00:00-06:00 Denver,266.573565078125 kBTU
2018-10-24T06:15:00-06:00 Denver,266.573565078125 kBTU
2018-10-24T06:30:00-06:00 Denver,79.9720695234375 kBTU
2018-10-24T06:45:00-06:00 Denver,159.944139046875 kBTU
2018-10-24T07:00:00-06:00 Denver,133.2867825390625 kBTU
2018-10-24T07:15:00-06:00 Denver,106.62942603125 kBTU
2018-10-24T07:30:00-06:00 Denver,1626.0987469765623 kBTU
2018-10-24T07:45:00-06:00 Denver,1919.3296685625 kBTU
2018-10-24T08:00:00-06:00 Denver,2052.6164511015622 kBTU
2018-10-24T08:15:00-06:00 Denver,1972.644381578125 kBTU
2018-10-24T08:30:00-06:00 Denver,2052.6164511015622 kBTU
2018-10-24T08:45:00-06:00 Denver,1866.014955546875 kBTU
2018-10-24T09:00:00-06:00 Denver,1839.3575990390625 kBTU
2018-10-24T09:15:00-06:00 Denver,1892.6723120546876 kBTU
2018-10-24T09:30:00-06:00 Denver,1812.7002425312498 kBTU
2018-10-24T09:45:00-06:00 Denver,1759.3855295156252 kBTU
2018-10-24T10:00:00-06:00 Denver,1412.8398949140626 kBTU
2018-10-24T10:15:00-06:00 Denver,1359.5251818984375 kBTU
2018-10-24T10:30:00-06:00 Denver,1439.497251421875 kBTU
2018-10-24T10:45:00-06:00 Denver,2559.10622475 kBTU
2018-10-24T11:00:00-06:00 Denver,3278.8548504609375 kBTU
2018-10-24T11:15:00-06:00 Denver,3438.798989507812 kBTU
2018-10-24T11:30:00-06:00 Denver,3065.5959983984376 kBTU
2018-10-24T11:45:00-06:00 Denver,3492.1137025234375 kBTU
2018-10-24T12:00:00-06:00 Denver,3545.4284155390624 kBTU
2018-10-24T12:15:00-06:00 Denver,3598.7431285546877 kBTU
2018-10-24T12:30:00-06:00 Denver,3732.02991109375 kBTU
2018-10-24T12:45:00-06:00 Denver,3652.0578415703126 kBTU
2018-10-24T13:00:00-06:00 Denver,3705.372554585938 kBTU
2018-10-24T13:15:00-06:00 Denver,3758.6872676015623 kBTU
2018-10-24T13:30:00-06:00 Denver,2399.162085703125 kBTU
2018-10-24T13:45:00-06:00 Denver,1759.3855295156252 kBTU
2018-10-24T14:00:00-06:00 Denver,1306.2104688828124 kBTU
2018-10-24T14:15:00-06:00 Denver,1306.2104688828124 kBTU
2018-10-24T14:30:00-06:00 Denver,1279.553112375 kBTU
2018-10-24T14:45:00-06:00 Denver,1466.1546079296875 kBTU
2018-10-24T15:00:00-06:00 Denver,1306.2104688828124 kBTU
2018-10-24T15:15:00-06:00 Denver,1386.1825384062502 kBTU
2018-10-24T15:30:00-06:00 Denver,1439.497251421875 kBTU
2018-10-24T15:45:00-06:00 Denver,2825.679789828125 kBTU
2018-10-24T16:00:00-06:00 Denver,1892.6723120546876 kBTU
2018-10-24T16:15:00-06:00 Denver,1999.3017380859376 kBTU
2018-10-24T16:30:00-06:00 Denver,2505.791511734375 kBTU
2018-10-24T16:45:00-06:00 Denver,2319.1900161796875 kBTU
2018-10-24T17:00:00-06:00 Denver,1919.3296685625 kBTU
2018-10-24T17:15:00-06:00 Denver,1892.6723120546876 kBTU
2018-10-24T17:30:00-06:00 Denver,2052.6164511015622 kBTU
2018-10-24T17:45:00-06:00 Denver,2905.6518593515625 kBTU
2018-10-24T18:00:00-06:00 Denver,2665.73565078125 kBTU
2018-10-24T18:15:00-06:00 Denver,2612.420937765625 kBTU
2018-10-24T18:30:00-06:00 Denver,2185.9032336406253 kBTU
2018-10-24T18:45:00-06:00 Denver,2425.8194422109373 kBTU
2018-10-24T19:00:00-06:00 Denver,4665.0373888671875 kBTU
2018-10-24T19:15:00-06:00 Denver,2025.95909459375 kBTU
2018-10-24T19:30:00-06:00 Denver,1972.644381578125 kBTU
2018-10-24T19:45:00-06:00 Denver,2025.95909459375 kBTU
2018-10-24T20:00:00-06:00 Denver,2185.9032336406253 kBTU
2018-10-24T20:15:00-06:00 Denver,1972.644381578125 kBTU
2018-10-24T20:30:00-06:00 Denver,586.461843171875 kBTU
2018-10-24T20:45:00-06:00 Denver,373.202991109375 kBTU
2018-10-24T21:00:00-06:00 Denver,373.202991109375 kBTU
2018-10-24T21:15:00-06:00 Denver,293.2309215859375 kBTU
2018-10-24T21:30:00-06:00 Denver,213.2588520625 kBTU
2018-10-24T21:45:00-06:00 Denver,213.2588520625 kBTU
2018-10-24T22:00:00-06:00 Denver,186.6014955546875 kBTU
2018-10-24T22:15:00-06:00 Denver,373.202991109375 kBTU
2018-10-24T22:30:00-06:00 Denver,213.2588520625 kBTU
2018-10-24T22:45:00-06:00 Denver,213.2588520625 kBTU
2018-10-24T23:00:00-06:00 Denver,159.944139046875 kBTU
2018-10-24T23:15:00-06:00 Denver,266.573565078125 kBTU
2018-10-24T23:30:00-06:00 Denver,426.517704125 kBTU
2018-10-24T23:45:00-06:00 Denver,186.6014955546875 kBTU
2018-10-25T00:00:00-06:00 Denver,213.2588520625 kBTU
2018-10-25T00:15:00-06:00 Denver,239.9162085703125 kBTU
2018-10-25T00:30:00-06:00 Denver,239.9162085703125 kBTU
2018-10-25T00:45:00-06:00 Denver,319.88827809375 kBTU
2018-10-25T01:00:00-06:00 Denver,186.6014955546875 kBTU
2018-10-25T01:15:00-06:00 Denver,186.6014955546875 kBTU
2018-10-25T01:30:00-06:00 Denver,186.6014955546875 kBTU
2018-10-25T01:45:00-06:00 Denver,213.2588520625 kBTU
2018-10-25T02:00:00-06:00 Denver,453.17506063281246 kBTU
2018-10-25T02:15:00-06:00 Denver,239.9162085703125 kBTU
2018-10-25T02:30:00-06:00 Denver,239.9162085703125 kBTU
2018-10-25T02:45:00-06:00 Denver,213.2588520625 kBTU
2018-10-25T03:00:00-06:00 Denver,213.2588520625 kBTU
2018-10-25T03:15:00-06:00 Denver,239.9162085703125 kBTU
2018-10-25T03:30:00-06:00 Denver,266.573565078125 kBTU
2018-10-25T03:45:00-06:00 Denver,186.6014955546875 kBTU
2018-10-25T04:00:00-06:00 Denver,186.6014955546875 kBTU
2018-10-25T04:15:00-06:00 Denver,213.2588520625 kBTU
2018-10-25T04:30:00-06:00 Denver,346.54563460156254 kBTU
2018-10-25T04:45:00-06:00 Denver,293.2309215859375 kBTU
2018-10-25T05:00:00-06:00 Denver,293.2309215859375 kBTU
2018-10-25T05:15:00-06:00 Denver,239.9162085703125 kBTU
2018-10-25T05:30:00-06:00 Denver,186.6014955546875 kBTU
2018-10-25T05:45:00-06:00 Denver,319.88827809375 kBTU
2018-10-25T06:00:00-06:00 Denver,159.944139046875 kBTU
2018-10-25T06:15:00-06:00 Denver,213.2588520625 kBTU
2018-10-25T06:30:00-06:00 Denver,26.6573565078125 kBTU
2018-10-25T06:45:00-06:00 Denver,133.2867825390625 kBTU
2018-10-25T07:00:00-06:00 Denver,213.2588520625 kBTU
2018-10-25T07:15:00-06:00 Denver,213.2588520625 kBTU
2018-10-25T07:30:00-06:00 Denver,1812.7002425312498 kBTU
2018-10-25T07:45:00-06:00 Denver,1919.3296685625 kBTU
2018-10-25T08:00:00-06:00 Denver,1919.3296685625 kBTU
2018-10-25T08:15:00-06:00 Denver,1919.3296685625 kBTU
2018-10-25T08:30:00-06:00 Denver,1839.3575990390625 kBTU
2018-10-25T08:45:00-06:00 Denver,1812.7002425312498 kBTU
2018-10-25T09:00:00-06:00 Denver,1839.3575990390625 kBTU
2018-10-25T09:15:00-06:00 Denver,1759.3855295156252 kBTU
2018-10-25T09:30:00-06:00 Denver,1945.9870250703127 kBTU
2018-10-25T09:45:00-06:00 Denver,1945.9870250703127 kBTU
2018-10-25T10:00:00-06:00 Denver,1945.9870250703127 kBTU
2018-10-25T10:15:00-06:00 Denver,1839.3575990390625 kBTU
2018-10-25T10:30:00-06:00 Denver,1786.0428860234376 kBTU
2018-10-25T10:45:00-06:00 Denver,1945.9870250703127 kBTU
2018-10-25T11:00:00-06:00 Denver,1812.7002425312498 kBTU
2018-10-25T11:15:00-06:00 Denver,1759.3855295156252 kBTU
2018-10-25T11:30:00-06:00 Denver,1919.3296685625 kBTU
2018-10-25T11:45:00-06:00 Denver,4478.4358933124995 kBTU
2018-10-25T12:00:00-06:00 Denver,1972.644381578125 kBTU
2018-10-25T12:15:00-06:00 Denver,1919.3296685625 kBTU
2018-10-25T12:30:00-06:00 Denver,1972.644381578125 kBTU
2018-10-25T12:45:00-06:00 Denver,1706.0708165 kBTU
2018-10-25T13:00:00-06:00 Denver,1439.497251421875 kBTU
2018-10-25T13:15:00-06:00 Denver,1732.7281730078125 kBTU
2018-10-25T13:30:00-06:00 Denver,1786.0428860234376 kBTU
2018-10-25T13:45:00-06:00 Denver,1759.3855295156252 kBTU
2018-10-25T14:00:00-06:00 Denver,1786.0428860234376 kBTU
2018-10-25T14:15:00-06:00 Denver,1866.014955546875 kBTU
2018-10-25T14:30:00-06:00 Denver,1972.644381578125 kBTU
2018-10-25T14:45:00-06:00 Denver,1892.6723120546876 kBTU
2018-10-25T15:00:00-06:00 Denver,1892.6723120546876 kBTU
2018-10-25T15:15:00-06:00 Denver,1892.6723120546876 kBTU
2018-10-25T15:30:00-06:00 Denver,1812.7002425312498 kBTU
2018-10-25T15:45:00-06:00 Denver,1892.6723120546876 kBTU
2018-10-25T16:00:00-06:00 Denver,1812.7002425312498 kBTU
2018-10-25T16:15:00-06:00 Denver,1812.7002425312498 kBTU
2018-10-25T16:30:00-06:00 Denver,1866.014955546875 kBTU
2018-10-25T16:45:00-06:00 Denver,1839.3575990390625 kBTU
2018-10-25T17:00:00-06:00 Denver,1945.9870250703127 kBTU
2018-10-25T17:15:00-06:00 Denver,1892.6723120546876 kBTU
2018-10-25T17:30:00-06:00 Denver,1919.3296685625 kBTU
2018-10-25T17:45:00-06:00 Denver,1866.014955546875 kBTU
2018-10-25T18:00:00-06:00 Denver,1812.7002425312498 kBTU
2018-10-25T18:15:00-06:00 Denver,1945.9870250703127 kBTU
2018-10-25T18:30:00-06:00 Denver,1812.7002425312498 kBTU
2018-10-25T18:45:00-06:00 Denver,1839.3575990390625 kBTU
2018-10-25T19:00:00-06:00 Denver,1866.014955546875 kBTU
2018-10-25T19:15:00-06:00 Denver,1812.7002425312498 kBTU
2018-10-25T19:30:00-06:00 Denver,1812.7002425312498 kBTU
2018-10-25T19:45:00-06:00 Denver,1945.9870250703127 kBTU
2018-10-25T20:00:00-06:00 Denver,1945.9870250703127 kBTU
2018-10-25T20:15:00-06:00 Denver,1839.3575990390625 kBTU
2018-10-25T20:30:00-06:00 Denver,613.1191996796875 kBTU
2018-10-25T20:45:00-06:00 Denver,106.62942603125 kBTU
2018-10-25T21:00:00-06:00 Denver,186.6014955546875 kBTU
2018-10-25T21:15:00-06:00 Denver,213.2588520625 kBTU
2018-10-25T21:30:00-06:00 Denver,106.62942603125 kBTU
2018-10-25T21:45:00-06:00 Denver,106.62942603125 kBTU
2018-10-25T22:00:00-06:00 Denver,106.62942603125 kBTU
2018-10-25T22:15:00-06:00 Denver,186.6014955546875 kBTU
2018-10-25T22:30:00-06:00 Denver,239.9162085703125 kBTU
2018-10-25T22:45:00-06:00 Denver,186.6014955546875 kBTU
2018-10-25T23:00:00-06:00 Denver,79.9720695234375 kBTU
2018-10-25T23:15:00-06:00 Denver,106.62942603125 kBTU
2018-10-25T23:30:00-06:00 Denver,293.2309215859375 kBTU
2018-10-25T23:45:00-06:00 Denver,133.2867825390625 kBTU
2018-10-26T00:00:00-06:00 Denver,79.9720695234375 kBTU
2018-10-26T00:15:00-06:00 Denver,106.62942603125 kBTU
2018-10-26T00:30:00-06:00 Denver,213.2588520625 kBTU
2018-10-26T00:45:00-06:00 Denver,133.2867825390625 kBTU
2018-10-26T01:00:00-06:00 Denver,133.2867825390625 kBTU
2018-10-26T01:15:00-06:00 Denver,239.9162085703125 kBTU
2018-10-26T01:30:00-06:00 Denver,133.2867825390625 kBTU
2018-10-26T01:45:00-06:00 Denver,293.2309215859375 kBTU
2018-10-26T02:00:00-06:00 Denver,133.2867825390625 kBTU
2018-10-26T02:15:00-06:00 Denver,106.62942603125 kBTU
2018-10-26T02:30:00-06:00 Denver,79.9720695234375 kBTU
2018-10-26T02:45:00-06:00 Denver,133.2867825390625 kBTU
2018-10-26T03:00:00-06:00 Denver,106.62942603125 kBTU
2018-10-26T03:15:00-06:00 Denver,213.2588520625 kBTU
2018-10-26T03:30:00-06:00 Denver,106.62942603125 kBTU
2018-10-26T03:45:00-06:00 Denver,159.944139046875 kBTU
2018-10-26T04:00:00-06:00 Denver,213.2588520625 kBTU
2018-10-26T04:15:00-06:00 Denver,213.2588520625 kBTU
2018-10-26T04:30:00-06:00 Denver,239.9162085703125 kBTU
2018-10-26T04:45:00-06:00 Denver,133.2867825390625 kBTU
2018-10-26T05:00:00-06:00 Denver,53.314713015625 kBTU
2018-10-26T05:15:00-06:00 Denver,106.62942603125 kBTU
2018-10-26T05:30:00-06:00 Denver,106.62942603125 kBTU
2018-10-26T05:45:00-06:00 Denver,239.9162085703125 kBTU
2018-10-26T06:00:00-06:00 Denver,106.62942603125 kBTU
2018-10-26T06:15:00-06:00 Denver,106.62942603125 kBTU
2018-10-26T06:30:00-06:00 Denver,186.6014955546875 kBTU
2018-10-26T06:45:00-06:00 Denver,1306.2104688828124 kBTU
2018-10-26T07:00:00-06:00 Denver,2052.6164511015622 kBTU
2018-10-26T07:15:00-06:00 Denver,106.62942603125 kBTU
2018-10-26T07:30:00-06:00 Denver,1599.4413904687501 kBTU
2018-10-26T07:45:00-06:00 Denver,1972.644381578125 kBTU
2018-10-26T08:00:00-06:00 Denver,1919.3296685625 kBTU
2018-10-26T08:15:00-06:00 Denver,2079.273807609375 kBTU
2018-10-26T08:30:00-06:00 Denver,1945.9870250703127 kBTU
2018-10-26T08:45:00-06:00 Denver,1892.6723120546876 kBTU
2018-10-26T09:00:00-06:00 Denver,1812.7002425312498 kBTU
2018-10-26T09:15:00-06:00 Denver,2025.95909459375 kBTU
2018-10-26T09:30:00-06:00 Denver,2025.95909459375 kBTU
2018-10-26T09:45:00-06:00 Denver,1812.7002425312498 kBTU
2018-10-26T10:00:00-06:00 Denver,1812.7002425312498 kBTU
2018-10-26T10:15:00-06:00 Denver,1812.7002425312498 kBTU
2018-10-26T10:30:00-06:00 Denver,1812.7002425312498 kBTU
2018-10-26T10:45:00-06:00 Denver,1866.014955546875 kBTU
2018-10-26T11:00:00-06:00 Denver,1839.3575990390625 kBTU
2018-10-26T11:15:00-06:00 Denver,1786.0428860234376 kBTU
2018-10-26T11:30:00-06:00 Denver,1839.3575990390625 kBTU
2018-10-26T11:45:00-06:00 Denver,1972.644381578125 kBTU
2018-10-26T12:00:00-06:00 Denver,1919.3296685625 kBTU
2018-10-26T12:15:00-06:00 Denver,1919.3296685625 kBTU
2018-10-26T12:30:00-06:00 Denver,1786.0428860234376 kBTU
2018-10-26T12:45:00-06:00 Denver,1866.014955546875 kBTU
2018-10-26T13:00:00-06:00 Denver,2559.10622475 kBTU
2018-10-26T13:15:00-06:00 Denver,3065.5959983984376 kBTU
2018-10-26T13:30:00-06:00 Denver,3332.169563476563 kBTU
2018-10-26T13:45:00-06:00 Denver,3545.4284155390624 kBTU
2018-10-26T14:00:00-06:00 Denver,3598.7431285546877 kBTU
2018-10-26T14:15:00-06:00 Denver,3758.6872676015623 kBTU
2018-10-26T14:30:00-06:00 Denver,3732.02991109375 kBTU
2018-10-26T14:45:00-06:00 Denver,3598.7431285546877 kBTU
2018-10-26T15:00:00-06:00 Denver,3198.8827809375002 kBTU
2018-10-26T15:15:00-06:00 Denver,3065.5959983984376 kBTU
2018-10-26T15:30:00-06:00 Denver,3038.938641890625 kBTU
2018-10-26T15:45:00-06:00 Denver,3172.2254244296873 kBTU
2018-10-26T16:00:00-06:00 Denver,2052.6164511015622 kBTU
2018-10-26T16:15:00-06:00 Denver,2079.273807609375 kBTU
2018-10-26T16:30:00-06:00 Denver,2025.95909459375 kBTU
2018-10-26T16:45:00-06:00 Denver,1866.014955546875 kBTU
2018-10-26T17:00:00-06:00 Denver,1945.9870250703127 kBTU
2018-10-26T17:15:00-06:00 Denver,1919.3296685625 kBTU
2018-10-26T17:30:00-06:00 Denver,1812.7002425312498 kBTU
2018-10-26T17:45:00-06:00 Denver,1786.0428860234376 kBTU
2018-10-26T18:00:00-06:00 Denver,1786.0428860234376 kBTU
2018-10-26T18:15:00-06:00 Denver,1812.7002425312498 kBTU
2018-10-26T18:30:00-06:00 Denver,1945.9870250703127 kBTU
2018-10-26T18:45:00-06:00 Denver,1839.3575990390625 kBTU
2018-10-26T19:00:00-06:00 Denver,1759.3855295156252 kBTU
2018-10-26T19:15:00-06:00 Denver,1919.3296685625 kBTU
2018-10-26T19:30:00-06:00 Denver,1839.3575990390625 kBTU
2018-10-26T19:45:00-06:00 Denver,1919.3296685625 kBTU
2018-10-26T20:00:00-06:00 Denver,1812.7002425312498 kBTU
2018-10-26T20:15:00-06:00 Denver,1812.7002425312498 kBTU
2018-10-26T20:30:00-06:00 Denver,533.14713015625 kBTU
2018-10-26T20:45:00-06:00 Denver,133.2867825390625 kBTU
2018-10-26T21:00:00-06:00 Denver,266.573565078125 kBTU
2018-10-26T21:15:00-06:00 Denver,106.62942603125 kBTU
2018-10-26T21:30:00-06:00 Denver,133.2867825390625 kBTU
2018-10-26T21:45:00-06:00 Denver,213.2588520625 kBTU
2018-10-26T22:00:00-06:00 Denver,986.3221907890625 kBTU
2018-10-26T22:15:00-06:00 Denver,2212.5605901484373 kBTU
2018-10-26T22:30:00-06:00 Denver,106.62942603125 kBTU
2018-10-26T22:45:00-06:00 Denver,106.62942603125 kBTU
2018-10-26T23:00:00-06:00 Denver,159.944139046875 kBTU
2018-10-26T23:15:00-06:00 Denver,159.944139046875 kBTU
2018-10-26T23:30:00-06:00 Denver,239.9162085703125 kBTU
2018-10-26T23:45:00-06:00 Denver,79.9720695234375 kBTU
2018-10-27T00:00:00-06:00 Denver,106.62942603125 kBTU
2018-10-27T00:15:00-06:00 Denver,213.2588520625 kBTU
2018-10-27T00:30:00-06:00 Denver,213.2588520625 kBTU
2018-10-27T00:45:00-06:00 Denver,186.6014955546875 kBTU
2018-10-27T01:00:00-06:00 Denver,133.2867825390625 kBTU
2018-10-27T01:15:00-06:00 Denver,133.2867825390625 kBTU
2018-10-27T01:30:00-06:00 Denver,186.6014955546875 kBTU
2018-10-27T01:45:00-06:00 Denver,106.62942603125 kBTU
2018-10-27T02:00:00-06:00 Denver,186.6014955546875 kBTU
2018-10-27T02:15:00-06:00 Denver,106.62942603125 kBTU
2018-10-27T02:30:00-06:00 Denver,106.62942603125 kBTU
2018-10-27T02:45:00-06:00 Denver,159.944139046875 kBTU
2018-10-27T03:00:00-06:00 Denver,213.2588520625 kBTU
2018-10-27T03:15:00-06:00 Denver,266.573565078125 kBTU
2018-10-27T03:30:00-06:00 Denver,159.944139046875 kBTU
2018-10-27T03:45:00-06:00 Denver,159.944139046875 kBTU
2018-10-27T04:00:00-06:00 Denver,106.62942603125 kBTU
2018-10-27T04:15:00-06:00 Denver,106.62942603125 kBTU
2018-10-27T04:30:00-06:00 Denver,239.9162085703125 kBTU
2018-10-27T04:45:00-06:00 Denver,79.9720695234375 kBTU
2018-10-27T05:00:00-06:00 Denver,106.62942603125 kBTU
2018-10-27T05:15:00-06:00 Denver,106.62942603125 kBTU
2018-10-27T05:30:00-06:00 Denver,159.944139046875 kBTU
2018-10-27T05:45:00-06:00 Denver,399.86034761718753 kBTU
2018-10-27T06:00:00-06:00 Denver,159.944139046875 kBTU
2018-10-27T06:15:00-06:00 Denver,106.62942603125 kBTU
2018-10-27T06:30:00-06:00 Denver,106.62942603125 kBTU
2018-10-27T06:45:00-06:00 Denver,133.2867825390625 kBTU
2018-10-27T07:00:00-06:00 Denver,159.944139046875 kBTU
2018-10-27T07:15:00-06:00 Denver,106.62942603125 kBTU
2018-10-27T07:30:00-06:00 Denver,106.62942603125 kBTU
2018-10-27T07:45:00-06:00 Denver,106.62942603125 kBTU
2018-10-27T08:00:00-06:00 Denver,239.9162085703125 kBTU
2018-10-27T08:15:00-06:00 Denver,186.6014955546875 kBTU
2018-10-27T08:30:00-06:00 Denver,293.2309215859375 kBTU
2018-10-27T08:45:00-06:00 Denver,79.9720695234375 kBTU
2018-10-27T09:00:00-06:00 Denver,106.62942603125 kBTU
2018-10-27T09:15:00-06:00 Denver,213.2588520625 kBTU
2018-10-27T09:30:00-06:00 Denver,106.62942603125 kBTU
2018-10-27T09:45:00-06:00 Denver,106.62942603125 kBTU
2018-10-27T10:00:00-06:00 Denver,79.9720695234375 kBTU
2018-10-27T10:15:00-06:00 Denver,106.62942603125 kBTU
2018-10-27T10:30:00-06:00 Denver,239.9162085703125 kBTU
2018-10-27T10:45:00-06:00 Denver,106.62942603125 kBTU
2018-10-27T11:00:00-06:00 Denver,239.9162085703125 kBTU
2018-10-27T11:15:00-06:00 Denver,213.2588520625 kBTU
2018-10-27T11:30:00-06:00 Denver,133.2867825390625 kBTU
2018-10-27T11:45:00-06:00 Denver,213.2588520625 kBTU
2018-10-27T12:00:00-06:00 Denver,79.9720695234375 kBTU
2018-10-27T12:15:00-06:00 Denver,106.62942603125 kBTU
2018-10-27T12:30:00-06:00 Denver,106.62942603125 kBTU
2018-10-27T12:45:00-06:00 Denver,106.62942603125 kBTU
2018-10-27T13:00:00-06:00 Denver,213.2588520625 kBTU
2018-10-27T13:15:00-06:00 Denver,133.2867825390625 kBTU
2018-10-27T13:30:00-06:00 Denver,239.9162085703125 kBTU
2018-10-27T13:45:00-06:00 Denver,239.9162085703125 kBTU
2018-10-27T14:00:00-06:00 Denver,239.9162085703125 kBTU
2018-10-27T14:15:00-06:00 Denver,133.2867825390625 kBTU
2018-10-27T14:30:00-06:00 Denver,239.9162085703125 kBTU
2018-10-27T14:45:00-06:00 Denver,2932.309215859375 kBTU
2018-10-27T15:00:00-06:00 Denver,106.62942603125 kBTU
2018-10-27T15:15:00-06:00 Denver,79.9720695234375 kBTU
2018-10-27T15:30:00-06:00 Denver,159.944139046875 kBTU
2018-10-27T15:45:00-06:00 Denver,159.944139046875 kBTU
2018-10-27T16:00:00-06:00 Denver,159.944139046875 kBTU
2018-10-27T16:15:00-06:00 Denver,133.2867825390625 kBTU
2018-10-27T16:30:00-06:00 Denver,159.944139046875 kBTU
2018-10-27T16:45:00-06:00 Denver,186.6014955546875 kBTU
2018-10-27T17:00:00-06:00 Denver,239.9162085703125 kBTU
2018-10-27T17:15:00-06:00 Denver,106.62942603125 kBTU
2018-10-27T17:30:00-06:00 Denver,106.62942603125 kBTU
2018-10-27T17:45:00-06:00 Denver,106.62942603125 kBTU
2018-10-27T18:00:00-06:00 Denver,159.944139046875 kBTU
2018-10-27T18:15:00-06:00 Denver,133.2867825390625 kBTU
2018-10-27T18:30:00-06:00 Denver,186.6014955546875 kBTU
2018-10-27T18:45:00-06:00 Denver,133.2867825390625 kBTU
2018-10-27T19:00:00-06:00 Denver,106.62942603125 kBTU
2018-10-27T19:15:00-06:00 Denver,266.573565078125 kBTU
2018-10-27T19:30:00-06:00 Denver,213.2588520625 kBTU
2018-10-27T19:45:00-06:00 Denver,133.2867825390625 kBTU
2018-10-27T20:00:00-06:00 Denver,79.9720695234375 kBTU
2018-10-27T20:15:00-06:00 Denver,106.62942603125 kBTU
2018-10-27T20:30:00-06:00 Denver,106.62942603125 kBTU
2018-10-27T20:45:00-06:00 Denver,266.573565078125 kBTU
2018-10-27T21:00:00-06:00 Denver,159.944139046875 kBTU
2018-10-27T21:15:00-06:00 Denver,79.9720695234375 kBTU
2018-10-27T21:30:00-06:00 Denver,106.62942603125 kBTU
2018-10-27T21:45:00-06:00 Denver,106.62942603125 kBTU
2018-10-27T22:00:00-06:00 Denver,266.573565078125 kBTU
2018-10-27T22:15:00-06:00 Denver,213.2588520625 kBTU
2018-10-27T22:30:00-06:00 Denver,133.2867825390625 kBTU
2018-10-27T22:45:00-06:00 Denver,106.62942603125 kBTU
2018-10-27T23:00:00-06:00 Denver,106.62942603125 kBTU
2018-10-27T23:15:00-06:00 Denver,266.573565078125 kBTU
2018-10-27T23:30:00-06:00 Denver,159.944139046875 kBTU
2018-10-27T23:45:00-06:00 Denver,106.62942603125 kBTU
2018-10-28T00:00:00-06:00 Denver,106.62942603125 kBTU
2018-10-28T00:15:00-06:00 Denver,106.62942603125 kBTU
2018-10-28T00:30:00-06:00 Denver,239.9162085703125 kBTU
2018-10-28T00:45:00-06:00 Denver,133.2867825390625 kBTU
2018-10-28T01:00:00-06:00 Denver,213.2588520625 kBTU
2018-10-28T01:15:00-06:00 Denver,133.2867825390625 kBTU
2018-10-28T01:30:00-06:00 Denver,106.62942603125 kBTU
2018-10-28T01:45:00-06:00 Denver,266.573565078125 kBTU
2018-10-28T02:00:00-06:00 Denver,159.944139046875 kBTU
2018-10-28T02:15:00-06:00 Denver,106.62942603125 kBTU
2018-10-28T02:30:00-06:00 Denver,106.62942603125 kBTU
2018-10-28T02:45:00-06:00 Denver,106.62942603125 kBTU
2018-10-28T03:00:00-06:00 Denver,186.6014955546875 kBTU
2018-10-28T03:15:00-06:00 Denver,106.62942603125 kBTU
2018-10-28T03:30:00-06:00 Denver,106.62942603125 kBTU
2018-10-28T03:45:00-06:00 Denver,213.2588520625 kBTU
2018-10-28T04:00:00-06:00 Denver,159.944139046875 kBTU
2018-10-28T04:15:00-06:00 Denver,266.573565078125 kBTU
2018-10-28T04:30:00-06:00 Denver,186.6014955546875 kBTU
2018-10-28T04:45:00-06:00 Denver,106.62942603125 kBTU
2018-10-28T05:00:00-06:00 Denver,53.314713015625 kBTU
2018-10-28T05:15:00-06:00 Denver,106.62942603125 kBTU
2018-10-28T05:30:00-06:00 Denver,213.2588520625 kBTU
2018-10-28T05:45:00-06:00 Denver,106.62942603125 kBTU
2018-10-28T06:00:00-06:00 Denver,79.9720695234375 kBTU
2018-10-28T06:15:00-06:00 Denver,106.62942603125 kBTU
2018-10-28T06:30:00-06:00 Denver,319.88827809375 kBTU
2018-10-28T06:45:00-06:00 Denver,266.573565078125 kBTU
2018-10-28T07:00:00-06:00 Denver,133.2867825390625 kBTU
2018-10-28T07:15:00-06:00 Denver,2932.309215859375 kBTU
2018-10-28T07:30:00-06:00 Denver,106.62942603125 kBTU
2018-10-28T07:45:00-06:00 Denver,239.9162085703125 kBTU
2018-10-28T08:00:00-06:00 Denver,106.62942603125 kBTU
2018-10-28T08:15:00-06:00 Denver,106.62942603125 kBTU
2018-10-28T08:30:00-06:00 Denver,106.62942603125 kBTU
2018-10-28T08:45:00-06:00 Denver,79.9720695234375 kBTU
2018-10-28T09:00:00-06:00 Denver,239.9162085703125 kBTU
2018-10-28T09:15:00-06:00 Denver,293.2309215859375 kBTU
2018-10-28T09:30:00-06:00 Denver,159.944139046875 kBTU
2018-10-28T09:45:00-06:00 Denver,106.62942603125 kBTU
2018-10-28T10:00:00-06:00 Denver,213.2588520625 kBTU
2018-10-28T10:15:00-06:00 Denver,133.2867825390625 kBTU
2018-10-28T10:30:00-06:00 Denver,106.62942603125 kBTU
2018-10-28T10:45:00-06:00 Denver,79.9720695234375 kBTU
2018-10-28T11:00:00-06:00 Denver,106.62942603125 kBTU
2018-10-28T11:15:00-06:00 Denver,133.2867825390625 kBTU
2018-10-28T11:30:00-06:00 Denver,239.9162085703125 kBTU
2018-10-28T11:45:00-06:00 Denver,133.2867825390625 kBTU
2018-10-28T12:00:00-06:00 Denver,186.6014955546875 kBTU
2018-10-28T12:15:00-06:00 Denver,186.6014955546875 kBTU
2018-10-28T12:30:00-06:00 Denver,239.9162085703125 kBTU
2018-10-28T12:45:00-06:00 Denver,106.62942603125 kBTU
2018-10-28T13:00:00-06:00 Denver,106.62942603125 kBTU
2018-10-28T13:15:00-06:00 Denver,106.62942603125 kBTU
2018-10-28T13:30:00-06:00 Denver,106.62942603125 kBTU
2018-10-28T13:45:00-06:00 Denver,133.2867825390625 kBTU
2018-10-28T14:00:00-06:00 Denver,213.2588520625 kBTU
2018-10-28T14:15:00-06:00 Denver,159.944139046875 kBTU
2018-10-28T14:30:00-06:00 Denver,79.9720695234375 kBTU
2018-10-28T14:45:00-06:00 Denver,159.944139046875 kBTU
2018-10-28T15:00:00-06:00 Denver,213.2588520625 kBTU
2018-10-28T15:15:00-06:00 Denver,239.9162085703125 kBTU
2018-10-28T15:30:00-06:00 Denver,79.9720695234375 kBTU
2018-10-28T15:45:00-06:00 Denver,106.62942603125 kBTU
2018-10-28T16:00:00-06:00 Denver,106.62942603125 kBTU
2018-10-28T16:15:00-06:00 Denver,106.62942603125 kBTU
2018-10-28T16:30:00-06:00 Denver,213.2588520625 kBTU
2018-10-28T16:45:00-06:00 Denver,186.6014955546875 kBTU
2018-10-28T17:00:00-06:00 Denver,106.62942603125 kBTU
2018-10-28T17:15:00-06:00 Denver,106.62942603125 kBTU
2018-10-28T17:30:00-06:00 Denver,133.2867825390625 kBTU
2018-10-28T17:45:00-06:00 Denver,346.54563460156254 kBTU
2018-10-28T18:00:00-06:00 Denver,106.62942603125 kBTU
2018-10-28T18:15:00-06:00 Denver,106.62942603125 kBTU
2018-10-28T18:30:00-06:00 Denver,79.9720695234375 kBTU
2018-10-28T18:45:00-06:00 Denver,106.62942603125 kBTU
2018-10-28T19:00:00-06:00 Denver,213.2588520625 kBTU
2018-10-28T19:15:00-06:00 Denver,159.944139046875 kBTU
2018-10-28T19:30:00-06:00 Denver,133.2867825390625 kBTU
2018-10-28T19:45:00-06:00 Denver,106.62942603125 kBTU
2018-10-28T20:00:00-06:00 Denver,106.62942603125 kBTU
2018-10-28T20:15:00-06:00 Denver,186.6014955546875 kBTU
2018-10-28T20:30:00-06:00 Denver,266.573565078125 kBTU
2018-10-28T20:45:00-06:00 Denver,159.944139046875 kBTU
2018-10-28T21:00:00-06:00 Denver,106.62942603125 kBTU
2018-10-28T21:15:00-06:00 Denver,106.62942603125 kBTU
2018-10-28T21:30:00-06:00 Denver,106.62942603125 kBTU
2018-10-28T21:45:00-06:00 Denver,239.9162085703125 kBTU
2018-10-28T22:00:00-06:00 Denver,159.944139046875 kBTU
2018-10-28T22:15:00-06:00 Denver,106.62942603125 kBTU
2018-10-28T22:30:00-06:00 Denver,106.62942603125 kBTU
2018-10-28T22:45:00-06:00 Denver,106.62942603125 kBTU
2018-10-28T23:00:00-06:00 Denver,186.6014955546875 kBTU
2018-10-28T23:15:00-06:00 Denver,213.2588520625 kBTU
2018-10-28T23:30:00-06:00 Denver,213.2588520625 kBTU
2018-10-28T23:45:00-06:00 Denver,79.9720695234375 kBTU
2018-10-29T00:00:00-06:00 Denver,106.62942603125 kBTU
2018-10-29T00:15:00-06:00 Denver,239.9162085703125 kBTU
2018-10-29T00:30:00-06:00 Denver,186.6014955546875 kBTU
2018-10-29T00:45:00-06:00 Denver,133.2867825390625 kBTU
2018-10-29T01:00:00-06:00 Denver,106.62942603125 kBTU
2018-10-29T01:15:00-06:00 Denver,3065.5959983984376 kBTU
2018-10-29T01:30:00-06:00 Denver,133.2867825390625 kBTU
2018-10-29T01:45:00-06:00 Denver,159.944139046875 kBTU
2018-10-29T02:00:00-06:00 Denver,186.6014955546875 kBTU
2018-10-29T02:15:00-06:00 Denver,186.6014955546875 kBTU
2018-10-29T02:30:00-06:00 Denver,159.944139046875 kBTU
2018-10-29T02:45:00-06:00 Denver,79.9720695234375 kBTU
2018-10-29T03:00:00-06:00 Denver,239.9162085703125 kBTU
2018-10-29T03:15:00-06:00 Denver,186.6014955546875 kBTU
2018-10-29T03:30:00-06:00 Denver,133.2867825390625 kBTU
2018-10-29T03:45:00-06:00 Denver,106.62942603125 kBTU
2018-10-29T04:00:00-06:00 Denver,106.62942603125 kBTU
2018-10-29T04:15:00-06:00 Denver,239.9162085703125 kBTU
2018-10-29T04:30:00-06:00 Denver,79.9720695234375 kBTU
2018-10-29T04:45:00-06:00 Denver,133.2867825390625 kBTU
2018-10-29T05:00:00-06:00 Denver,213.2588520625 kBTU
2018-10-29T05:15:00-06:00 Denver,133.2867825390625 kBTU
2018-10-29T05:30:00-06:00 Denver,239.9162085703125 kBTU
2018-10-29T05:45:00-06:00 Denver,106.62942603125 kBTU
2018-10-29T06:00:00-06:00 Denver,159.944139046875 kBTU
2018-10-29T06:15:00-06:00 Denver,106.62942603125 kBTU
2018-10-29T06:30:00-06:00 Denver,106.62942603125 kBTU
2018-10-29T06:45:00-06:00 Denver,239.9162085703125 kBTU
2018-10-29T07:00:00-06:00 Denver,106.62942603125 kBTU
2018-10-29T07:15:00-06:00 Denver,159.944139046875 kBTU
2018-10-29T07:30:00-06:00 Denver,1466.1546079296875 kBTU
2018-10-29T07:45:00-06:00 Denver,2052.6164511015622 kBTU
2018-10-29T08:00:00-06:00 Denver,2025.95909459375 kBTU
2018-10-29T08:15:00-06:00 Denver,1892.6723120546876 kBTU
2018-10-29T08:30:00-06:00 Denver,1866.014955546875 kBTU
2018-10-29T08:45:00-06:00 Denver,1786.0428860234376 kBTU
2018-10-29T09:00:00-06:00 Denver,1812.7002425312498 kBTU
2018-10-29T09:15:00-06:00 Denver,1839.3575990390625 kBTU
2018-10-29T09:30:00-06:00 Denver,1839.3575990390625 kBTU
2018-10-29T09:45:00-06:00 Denver,1759.3855295156252 kBTU
2018-10-29T10:00:00-06:00 Denver,1812.7002425312498 kBTU
2018-10-29T10:15:00-06:00 Denver,1866.014955546875 kBTU
2018-10-29T10:30:00-06:00 Denver,1866.014955546875 kBTU
2018-10-29T10:45:00-06:00 Denver,2745.7077203046874 kBTU
2018-10-29T11:00:00-06:00 Denver,2852.3371463359376 kBTU
2018-10-29T11:15:00-06:00 Denver,2905.6518593515625 kBTU
2018-10-29T11:30:00-06:00 Denver,2825.679789828125 kBTU
2018-10-29T11:45:00-06:00 Denver,3305.51220696875 kBTU
2018-10-29T12:00:00-06:00 Denver,3758.6872676015623 kBTU
2018-10-29T12:15:00-06:00 Denver,3545.4284155390624 kBTU
2018-10-29T12:30:00-06:00 Denver,3625.4004850624997 kBTU
2018-10-29T12:45:00-06:00 Denver,3732.02991109375 kBTU
2018-10-29T13:00:00-06:00 Denver,3705.372554585938 kBTU
2018-10-29T13:15:00-06:00 Denver,3678.715198078125 kBTU
2018-10-29T13:30:00-06:00 Denver,3652.0578415703126 kBTU
2018-10-29T13:45:00-06:00 Denver,3652.0578415703126 kBTU
2018-10-29T14:00:00-06:00 Denver,3598.7431285546877 kBTU
2018-10-29T14:15:00-06:00 Denver,3598.7431285546877 kBTU
2018-10-29T14:30:00-06:00 Denver,3625.4004850624997 kBTU
2018-10-29T14:45:00-06:00 Denver,3652.0578415703126 kBTU
2018-10-29T15:00:00-06:00 Denver,3758.6872676015623 kBTU
2018-10-29T15:15:00-06:00 Denver,7064.199474570312 kBTU
2018-10-29T15:30:00-06:00 Denver,3891.9740501406254 kBTU
2018-10-29T15:45:00-06:00 Denver,3705.372554585938 kBTU
2018-10-29T16:00:00-06:00 Denver,2639.0782942734377 kBTU
2018-10-29T16:15:00-06:00 Denver,2132.588520625 kBTU
2018-10-29T16:30:00-06:00 Denver,2185.9032336406253 kBTU
2018-10-29T16:45:00-06:00 Denver,2185.9032336406253 kBTU
2018-10-29T17:00:00-06:00 Denver,2985.623928875 kBTU
2018-10-29T17:15:00-06:00 Denver,3705.372554585938 kBTU
2018-10-29T17:30:00-06:00 Denver,3678.715198078125 kBTU
2018-10-29T17:45:00-06:00 Denver,3865.3166936328125 kBTU
2018-10-29T18:00:00-06:00 Denver,3732.02991109375 kBTU
2018-10-29T18:15:00-06:00 Denver,3678.715198078125 kBTU
2018-10-29T18:30:00-06:00 Denver,3705.372554585938 kBTU
2018-10-29T18:45:00-06:00 Denver,3652.0578415703126 kBTU
2018-10-29T19:00:00-06:00 Denver,3652.0578415703126 kBTU
2018-10-29T19:15:00-06:00 Denver,3732.02991109375 kBTU
2018-10-29T19:30:00-06:00 Denver,1972.644381578125 kBTU
2018-10-29T19:45:00-06:00 Denver,1945.9870250703127 kBTU
2018-10-29T20:00:00-06:00 Denver,1919.3296685625 kBTU
2018-10-29T20:15:00-06:00 Denver,1972.644381578125 kBTU
2018-10-29T20:30:00-06:00 Denver,586.461843171875 kBTU
2018-10-29T20:45:00-06:00 Denver,133.2867825390625 kBTU
2018-10-29T21:00:00-06:00 Denver,266.573565078125 kBTU
2018-10-29T21:15:00-06:00 Denver,133.2867825390625 kBTU
2018-10-29T21:30:00-06:00 Denver,106.62942603125 kBTU
2018-10-29T21:45:00-06:00 Denver,133.2867825390625 kBTU
2018-10-29T22:00:00-06:00 Denver,133.2867825390625 kBTU
2018-10-29T22:15:00-06:00 Denver,213.2588520625 kBTU
2018-10-29T22:30:00-06:00 Denver,346.54563460156254 kBTU
2018-10-29T22:45:00-06:00 Denver,239.9162085703125 kBTU
2018-10-29T23:00:00-06:00 Denver,159.944139046875 kBTU
2018-10-29T23:15:00-06:00 Denver,133.2867825390625 kBTU
2018-10-29T23:30:00-06:00 Denver,266.573565078125 kBTU
2018-10-29T23:45:00-06:00 Denver,133.2867825390625 kBTU
2018-10-30T00:00:00-06:00 Denver,159.944139046875 kBTU
2018-10-30T00:15:00-06:00 Denver,133.2867825390625 kBTU
2018-10-30T00:30:00-06:00 Denver,159.944139046875 kBTU
2018-10-30T00:45:00-06:00 Denver,239.9162085703125 kBTU
2018-10-30T01:00:00-06:00 Denver,213.2588520625 kBTU
2018-10-30T01:15:00-06:00 Denver,239.9162085703125 kBTU
2018-10-30T01:30:00-06:00 Denver,239.9162085703125 kBTU
2018-10-30T01:45:00-06:00 Denver,133.2867825390625 kBTU
2018-10-30T02:00:00-06:00 Denver,266.573565078125 kBTU
2018-10-30T02:15:00-06:00 Denver,133.2867825390625 kBTU
2018-10-30T02:30:00-06:00 Denver,133.2867825390625 kBTU
2018-10-30T02:45:00-06:00 Denver,133.2867825390625 kBTU
2018-10-30T03:00:00-06:00 Denver,773.0633387265625 kBTU
2018-10-30T03:15:00-06:00 Denver,2399.162085703125 kBTU
2018-10-30T03:30:00-06:00 Denver,159.944139046875 kBTU
2018-10-30T03:45:00-06:00 Denver,186.6014955546875 kBTU
2018-10-30T04:00:00-06:00 Denver,239.9162085703125 kBTU
2018-10-30T04:15:00-06:00 Denver,186.6014955546875 kBTU
2018-10-30T04:30:00-06:00 Denver,239.9162085703125 kBTU
2018-10-30T04:45:00-06:00 Denver,159.944139046875 kBTU
2018-10-30T05:00:00-06:00 Denver,133.2867825390625 kBTU
2018-10-30T05:15:00-06:00 Denver,133.2867825390625 kBTU
2018-10-30T05:30:00-06:00 Denver,213.2588520625 kBTU
2018-10-30T05:45:00-06:00 Denver,159.944139046875 kBTU
2018-10-30T06:00:00-06:00 Denver,239.9162085703125 kBTU
2018-10-30T06:15:00-06:00 Denver,133.2867825390625 kBTU
2018-10-30T06:30:00-06:00 Denver,133.2867825390625 kBTU
2018-10-30T06:45:00-06:00 Denver,1252.8957558671875 kBTU
2018-10-30T07:00:00-06:00 Denver,559.8044866640624 kBTU
2018-10-30T07:15:00-06:00 Denver,2052.6164511015622 kBTU
2018-10-30T07:30:00-06:00 Denver,1786.0428860234376 kBTU
2018-10-30T07:45:00-06:00 Denver,1945.9870250703127 kBTU
2018-10-30T08:00:00-06:00 Denver,1972.644381578125 kBTU
2018-10-30T08:15:00-06:00 Denver,1919.3296685625 kBTU
2018-10-30T08:30:00-06:00 Denver,1999.3017380859376 kBTU
2018-10-30T08:45:00-06:00 Denver,2025.95909459375 kBTU
2018-10-30T09:00:00-06:00 Denver,1892.6723120546876 kBTU
2018-10-30T09:15:00-06:00 Denver,2079.273807609375 kBTU
2018-10-30T09:30:00-06:00 Denver,1839.3575990390625 kBTU
2018-10-30T09:45:00-06:00 Denver,1919.3296685625 kBTU
2018-10-30T10:00:00-06:00 Denver,1839.3575990390625 kBTU
2018-10-30T10:15:00-06:00 Denver,1839.3575990390625 kBTU
2018-10-30T10:30:00-06:00 Denver,1892.6723120546876 kBTU
2018-10-30T10:45:00-06:00 Denver,1892.6723120546876 kBTU
2018-10-30T11:00:00-06:00 Denver,3038.938641890625 kBTU
2018-10-30T11:15:00-06:00 Denver,3278.8548504609375 kBTU
2018-10-30T11:30:00-06:00 Denver,3305.51220696875 kBTU
2018-10-30T11:45:00-06:00 Denver,3465.456346015625 kBTU
2018-10-30T12:00:00-06:00 Denver,3438.798989507812 kBTU
2018-10-30T12:15:00-06:00 Denver,3438.798989507812 kBTU
2018-10-30T12:30:00-06:00 Denver,3412.141633 kBTU
2018-10-30T12:45:00-06:00 Denver,3358.826919984375 kBTU
2018-10-30T13:00:00-06:00 Denver,3332.169563476563 kBTU
2018-10-30T13:15:00-06:00 Denver,3385.4842764921877 kBTU
2018-10-30T13:30:00-06:00 Denver,3438.798989507812 kBTU
2018-10-30T13:45:00-06:00 Denver,3438.798989507812 kBTU
2018-10-30T14:00:00-06:00 Denver,3572.0857720468753 kBTU
2018-10-30T14:15:00-06:00 Denver,3492.1137025234375 kBTU
2018-10-30T14:30:00-06:00 Denver,3465.456346015625 kBTU
2018-10-30T14:45:00-06:00 Denver,3518.7710590312504 kBTU
2018-10-30T15:00:00-06:00 Denver,3412.141633 kBTU
2018-10-30T15:15:00-06:00 Denver,3332.169563476563 kBTU
2018-10-30T15:30:00-06:00 Denver,3332.169563476563 kBTU
2018-10-30T15:45:00-06:00 Denver,3385.4842764921877 kBTU
2018-10-30T16:00:00-06:00 Denver,5678.016936164062 kBTU
2018-10-30T16:15:00-06:00 Denver,3225.5401374453127 kBTU
2018-10-30T16:30:00-06:00 Denver,2878.99450284375 kBTU
2018-10-30T16:45:00-06:00 Denver,2212.5605901484373 kBTU
2018-10-30T17:00:00-06:00 Denver,1919.3296685625 kBTU
2018-10-30T17:15:00-06:00 Denver,1972.644381578125 kBTU
2018-10-30T17:30:00-06:00 Denver,1866.014955546875 kBTU
2018-10-30T17:45:00-06:00 Denver,1892.6723120546876 kBTU
2018-10-30T18:00:00-06:00 Denver,1892.6723120546876 kBTU
2018-10-30T18:15:00-06:00 Denver,1945.9870250703127 kBTU
2018-10-30T18:30:00-06:00 Denver,1919.3296685625 kBTU
2018-10-30T18:45:00-06:00 Denver,1999.3017380859376 kBTU
2018-10-30T19:00:00-06:00 Denver,1999.3017380859376 kBTU
2018-10-30T19:15:00-06:00 Denver,1972.644381578125 kBTU
2018-10-30T19:30:00-06:00 Denver,1866.014955546875 kBTU
2018-10-30T19:45:00-06:00 Denver,1919.3296685625 kBTU
2018-10-30T20:00:00-06:00 Denver,1972.644381578125 kBTU
2018-10-30T20:15:00-06:00 Denver,1919.3296685625 kBTU
2018-10-30T20:30:00-06:00 Denver,826.3780517421875 kBTU
2018-10-30T20:45:00-06:00 Denver,266.573565078125 kBTU
2018-10-30T21:00:00-06:00 Denver,159.944139046875 kBTU
2018-10-30T21:15:00-06:00 Denver,346.54563460156254 kBTU
2018-10-30T21:30:00-06:00 Denver,319.88827809375 kBTU
2018-10-30T21:45:00-06:00 Denver,266.573565078125 kBTU
2018-10-30T22:00:00-06:00 Denver,159.944139046875 kBTU
2018-10-30T22:15:00-06:00 Denver,213.2588520625 kBTU
2018-10-30T22:30:00-06:00 Denver,293.2309215859375 kBTU
2018-10-30T22:45:00-06:00 Denver,213.2588520625 kBTU
2018-10-30T23:00:00-06:00 Denver,239.9162085703125 kBTU
2018-10-30T23:15:00-06:00 Denver,239.9162085703125 kBTU
2018-10-30T23:30:00-06:00 Denver,213.2588520625 kBTU
2018-10-30T23:45:00-06:00 Denver,293.2309215859375 kBTU
2018-10-31T00:00:00-06:00 Denver,319.88827809375 kBTU
2018-10-31T00:15:00-06:00 Denver,266.573565078125 kBTU
2018-10-31T00:30:00-06:00 Denver,213.2588520625 kBTU
2018-10-31T00:45:00-06:00 Denver,186.6014955546875 kBTU
2018-10-31T01:00:00-06:00 Denver,293.2309215859375 kBTU
2018-10-31T01:15:00-06:00 Denver,186.6014955546875 kBTU
2018-10-31T01:30:00-06:00 Denver,293.2309215859375 kBTU
2018-10-31T01:45:00-06:00 Denver,186.6014955546875 kBTU
2018-10-31T02:00:00-06:00 Denver,213.2588520625 kBTU
2018-10-31T02:15:00-06:00 Denver,293.2309215859375 kBTU
2018-10-31T02:30:00-06:00 Denver,239.9162085703125 kBTU
2018-10-31T02:45:00-06:00 Denver,319.88827809375 kBTU
2018-10-31T03:00:00-06:00 Denver,239.9162085703125 kBTU
2018-10-31T03:15:00-06:00 Denver,213.2588520625 kBTU
2018-10-31T03:30:00-06:00 Denver,293.2309215859375 kBTU
2018-10-31T03:45:00-06:00 Denver,213.2588520625 kBTU
2018-10-31T04:00:00-06:00 Denver,266.573565078125 kBTU
2018-10-31T04:15:00-06:00 Denver,213.2588520625 kBTU
2018-10-31T04:30:00-06:00 Denver,159.944139046875 kBTU
2018-10-31T04:45:00-06:00 Denver,346.54563460156254 kBTU
2018-10-31T05:00:00-06:00 Denver,266.573565078125 kBTU
2018-10-31T05:15:00-06:00 Denver,639.7765561875 kBTU
2018-10-31T05:30:00-06:00 Denver,346.54563460156254 kBTU
2018-10-31T05:45:00-06:00 Denver,213.2588520625 kBTU
2018-10-31T06:00:00-06:00 Denver,293.2309215859375 kBTU
2018-10-31T06:15:00-06:00 Denver,293.2309215859375 kBTU
2018-10-31T06:30:00-06:00 Denver,133.2867825390625 kBTU
2018-10-31T06:45:00-06:00 Denver,106.62942603125 kBTU
2018-10-31T07:00:00-06:00 Denver,373.202991109375 kBTU
2018-10-31T07:15:00-06:00 Denver,373.202991109375 kBTU
2018-10-31T07:30:00-06:00 Denver,1599.4413904687501 kBTU
2018-10-31T07:45:00-06:00 Denver,1972.644381578125 kBTU
2018-10-31T08:00:00-06:00 Denver,2025.95909459375 kBTU
2018-10-31T08:15:00-06:00 Denver,1972.644381578125 kBTU
2018-10-31T08:30:00-06:00 Denver,1945.9870250703127 kBTU
2018-10-31T08:45:00-06:00 Denver,1945.9870250703127 kBTU
2018-10-31T09:00:00-06:00 Denver,2052.6164511015622 kBTU
2018-10-31T09:15:00-06:00 Denver,1999.3017380859376 kBTU
2018-10-31T09:30:00-06:00 Denver,1945.9870250703127 kBTU
2018-10-31T09:45:00-06:00 Denver,1945.9870250703127 kBTU
2018-10-31T10:00:00-06:00 Denver,1972.644381578125 kBTU
2018-10-31T10:15:00-06:00 Denver,1706.0708165 kBTU
2018-10-31T10:30:00-06:00 Denver,1679.4134599921874 kBTU
2018-10-31T10:45:00-06:00 Denver,4878.296240929688 kBTU
2018-10-31T11:00:00-06:00 Denver,3385.4842764921877 kBTU
2018-10-31T11:15:00-06:00 Denver,2772.3650768125003 kBTU
2018-10-31T11:30:00-06:00 Denver,2932.309215859375 kBTU
2018-10-31T11:45:00-06:00 Denver,3358.826919984375 kBTU
2018-10-31T12:00:00-06:00 Denver,2878.99450284375 kBTU
2018-10-31T12:15:00-06:00 Denver,2852.3371463359376 kBTU
2018-10-31T12:30:00-06:00 Denver,2799.0224333203123 kBTU
2018-10-31T12:45:00-06:00 Denver,2985.623928875 kBTU
2018-10-31T13:00:00-06:00 Denver,2852.3371463359376 kBTU
2018-10-31T13:15:00-06:00 Denver,3065.5959983984376 kBTU
2018-10-31T13:30:00-06:00 Denver,3358.826919984375 kBTU
2018-10-31T13:45:00-06:00 Denver,3438.798989507812 kBTU
2018-10-31T14:00:00-06:00 Denver,3518.7710590312504 kBTU
2018-10-31T14:15:00-06:00 Denver,3332.169563476563 kBTU
2018-10-31T14:30:00-06:00 Denver,3358.826919984375 kBTU
2018-10-31T14:45:00-06:00 Denver,3465.456346015625 kBTU
2018-10-31T15:00:00-06:00 Denver,3358.826919984375 kBTU
2018-10-31T15:15:00-06:00 Denver,5651.35957965625 kBTU
2018-10-31T15:30:00-06:00 Denver,3412.141633 kBTU
2018-10-31T15:45:00-06:00 Denver,3385.4842764921877 kBTU
2018-10-31T16:00:00-06:00 Denver,3492.1137025234375 kBTU
2018-10-31T16:15:00-06:00 Denver,3332.169563476563 kBTU
2018-10-31T16:30:00-06:00 Denver,3038.938641890625 kBTU
2018-10-31T16:45:00-06:00 Denver,1919.3296685625 kBTU
2018-10-31T17:00:00-06:00 Denver,1759.3855295156252 kBTU
2018-10-31T17:15:00-06:00 Denver,1945.9870250703127 kBTU
2018-10-31T17:30:00-06:00 Denver,1839.3575990390625 kBTU
2018-10-31T17:45:00-06:00 Denver,1892.6723120546876 kBTU
2018-10-31T18:00:00-06:00 Denver,1972.644381578125 kBTU
2018-10-31T18:15:00-06:00 Denver,1919.3296685625 kBTU
2018-10-31T18:30:00-06:00 Denver,1866.014955546875 kBTU
2018-10-31T18:45:00-06:00 Denver,1812.7002425312498 kBTU
2018-10-31T19:00:00-06:00 Denver,1839.3575990390625 kBTU
2018-10-31T19:15:00-06:00 Denver,1812.7002425312498 kBTU
2018-10-31T19:30:00-06:00 Denver,1866.014955546875 kBTU
2018-10-31T19:45:00-06:00 Denver,1892.6723120546876 kBTU
2018-10-31T20:00:00-06:00 Denver,1759.3855295156252 kBTU
2018-10-31T20:15:00-06:00 Denver,1945.9870250703127 kBTU
2018-10-31T20:30:00-06:00 Denver,879.6927647578126 kBTU
2018-10-31T20:45:00-06:00 Denver,159.944139046875 kBTU
2018-10-31T21:00:00-06:00 Denver,159.944139046875 kBTU
2018-10-31T21:15:00-06:00 Denver,133.2867825390625 kBTU
2018-10-31T21:30:00-06:00 Denver,106.62942603125 kBTU
2018-10-31T21:45:00-06:00 Denver,106.62942603125 kBTU
2018-10-31T22:00:00-06:00 Denver,159.944139046875 kBTU
2018-10-31T22:15:00-06:00 Denver,133.2867825390625 kBTU
2018-10-31T22:30:00-06:00 Denver,106.62942603125 kBTU
2018-10-31T22:45:00-06:00 Denver,319.88827809375 kBTU
2018-10-31T23:00:00-06:00 Denver,186.6014955546875 kBTU
2018-10-31T23:15:00-06:00 Denver,213.2588520625 kBTU
2018-10-31T23:30:00-06:00 Denver,106.62942603125 kBTU
2018-10-31T23:45:00-06:00 Denver,133.2867825390625 kBTU
2018-11-01T00:00:00-06:00 Denver,106.62942603125 kBTU
2018-11-01T00:15:00-06:00 Denver,106.62942603125 kBTU
2018-11-01T00:30:00-06:00 Denver,186.6014955546875 kBTU
2018-11-01T00:45:00-06:00 Denver,106.62942603125 kBTU
2018-11-01T01:00:00-06:00 Denver,213.2588520625 kBTU
2018-11-01T01:15:00-06:00 Denver,159.944139046875 kBTU
2018-11-01T01:30:00-06:00 Denver,346.54563460156254 kBTU
2018-11-01T01:45:00-06:00 Denver,133.2867825390625 kBTU
2018-11-01T02:00:00-06:00 Denver,106.62942603125 kBTU
2018-11-01T02:15:00-06:00 Denver,106.62942603125 kBTU
2018-11-01T02:30:00-06:00 Denver,106.62942603125 kBTU
2018-11-01T02:45:00-06:00 Denver,239.9162085703125 kBTU
2018-11-01T03:00:00-06:00 Denver,79.9720695234375 kBTU
2018-11-01T03:15:00-06:00 Denver,186.6014955546875 kBTU
2018-11-01T03:30:00-06:00 Denver,133.2867825390625 kBTU
2018-11-01T03:45:00-06:00 Denver,133.2867825390625 kBTU
2018-11-01T04:00:00-06:00 Denver,319.88827809375 kBTU
2018-11-01T04:15:00-06:00 Denver,186.6014955546875 kBTU
2018-11-01T04:30:00-06:00 Denver,106.62942603125 kBTU
2018-11-01T04:45:00-06:00 Denver,106.62942603125 kBTU
2018-11-01T05:00:00-06:00 Denver,133.2867825390625 kBTU
2018-11-01T05:15:00-06:00 Denver,213.2588520625 kBTU
2018-11-01T05:30:00-06:00 Denver,106.62942603125 kBTU
2018-11-01T05:45:00-06:00 Denver,159.944139046875 kBTU
2018-11-01T06:00:00-06:00 Denver,133.2867825390625 kBTU
2018-11-01T06:15:00-06:00 Denver,79.9720695234375 kBTU
2018-11-01T06:30:00-06:00 Denver,559.8044866640624 kBTU
2018-11-01T06:45:00-06:00 Denver,2958.966572367188 kBTU
2018-11-01T07:00:00-06:00 Denver,186.6014955546875 kBTU
2018-11-01T07:15:00-06:00 Denver,106.62942603125 kBTU
2018-11-01T07:30:00-06:00 Denver,1626.0987469765623 kBTU
2018-11-01T07:45:00-06:00 Denver,1919.3296685625 kBTU
2018-11-01T08:00:00-06:00 Denver,1945.9870250703127 kBTU
2018-11-01T08:15:00-06:00 Denver,2025.95909459375 kBTU
2018-11-01T08:30:00-06:00 Denver,1892.6723120546876 kBTU
2018-11-01T08:45:00-06:00 Denver,1999.3017380859376 kBTU
2018-11-01T09:00:00-06:00 Denver,1866.014955546875 kBTU
2018-11-01T09:15:00-06:00 Denver,1919.3296685625 kBTU
2018-11-01T09:30:00-06:00 Denver,1892.6723120546876 kBTU
2018-11-01T09:45:00-06:00 Denver,1919.3296685625 kBTU
2018-11-01T10:00:00-06:00 Denver,1839.3575990390625 kBTU
2018-11-01T10:15:00-06:00 Denver,1892.6723120546876 kBTU
2018-11-01T10:30:00-06:00 Denver,1839.3575990390625 kBTU
2018-11-01T10:45:00-06:00 Denver,1866.014955546875 kBTU
2018-11-01T11:00:00-06:00 Denver,1812.7002425312498 kBTU
2018-11-01T11:15:00-06:00 Denver,1866.014955546875 kBTU
2018-11-01T11:30:00-06:00 Denver,1786.0428860234376 kBTU
2018-11-01T11:45:00-06:00 Denver,1919.3296685625 kBTU
2018-11-01T12:00:00-06:00 Denver,1866.014955546875 kBTU
2018-11-01T12:15:00-06:00 Denver,1839.3575990390625 kBTU
2018-11-01T12:30:00-06:00 Denver,1919.3296685625 kBTU
2018-11-01T12:45:00-06:00 Denver,1839.3575990390625 kBTU
2018-11-01T13:00:00-06:00 Denver,1839.3575990390625 kBTU
2018-11-01T13:15:00-06:00 Denver,1812.7002425312498 kBTU
2018-11-01T13:30:00-06:00 Denver,1759.3855295156252 kBTU
2018-11-01T13:45:00-06:00 Denver,1919.3296685625 kBTU
2018-11-01T14:00:00-06:00 Denver,1812.7002425312498 kBTU
2018-11-01T14:15:00-06:00 Denver,1839.3575990390625 kBTU
2018-11-01T14:30:00-06:00 Denver,1919.3296685625 kBTU
2018-11-01T14:45:00-06:00 Denver,1839.3575990390625 kBTU
2018-11-01T15:00:00-06:00 Denver,1892.6723120546876 kBTU
2018-11-01T15:15:00-06:00 Denver,1892.6723120546876 kBTU
2018-11-01T15:30:00-06:00 Denver,1812.7002425312498 kBTU
2018-11-01T15:45:00-06:00 Denver,1812.7002425312498 kBTU
2018-11-01T16:00:00-06:00 Denver,1759.3855295156252 kBTU
2018-11-01T16:15:00-06:00 Denver,1919.3296685625 kBTU
2018-11-01T16:30:00-06:00 Denver,1812.7002425312498 kBTU
2018-11-01T16:45:00-06:00 Denver,1866.014955546875 kBTU
2018-11-01T17:00:00-06:00 Denver,1919.3296685625 kBTU
2018-11-01T17:15:00-06:00 Denver,1866.014955546875 kBTU
2018-11-01T17:30:00-06:00 Denver,1972.644381578125 kBTU
2018-11-01T17:45:00-06:00 Denver,1812.7002425312498 kBTU
2018-11-01T18:00:00-06:00 Denver,1786.0428860234376 kBTU
2018-11-01T18:15:00-06:00 Denver,1839.3575990390625 kBTU
2018-11-01T18:30:00-06:00 Denver,1866.014955546875 kBTU
2018-11-01T18:45:00-06:00 Denver,1812.7002425312498 kBTU
2018-11-01T19:00:00-06:00 Denver,1812.7002425312498 kBTU
2018-11-01T19:15:00-06:00 Denver,1866.014955546875 kBTU
2018-11-01T19:30:00-06:00 Denver,1945.9870250703127 kBTU
2018-11-01T19:45:00-06:00 Denver,1892.6723120546876 kBTU
2018-11-01T20:00:00-06:00 Denver,1972.644381578125 kBTU
2018-11-01T20:15:00-06:00 Denver,1786.0428860234376 kBTU
2018-11-01T20:30:00-06:00 Denver,666.4339126953125 kBTU
2018-11-01T20:45:00-06:00 Denver,106.62942603125 kBTU
2018-11-01T21:00:00-06:00 Denver,106.62942603125 kBTU
2018-11-01T21:15:00-06:00 Denver,186.6014955546875 kBTU
2018-11-01T21:30:00-06:00 Denver,106.62942603125 kBTU
2018-11-01T21:45:00-06:00 Denver,213.2588520625 kBTU
2018-11-01T22:00:00-06:00 Denver,266.573565078125 kBTU
2018-11-01T22:15:00-06:00 Denver,133.2867825390625 kBTU
2018-11-01T22:30:00-06:00 Denver,239.9162085703125 kBTU
2018-11-01T22:45:00-06:00 Denver,3038.938641890625 kBTU
2018-11-01T23:00:00-06:00 Denver,106.62942603125 kBTU
2018-11-01T23:15:00-06:00 Denver,106.62942603125 kBTU
2018-11-01T23:30:00-06:00 Denver,106.62942603125 kBTU
2018-11-01T23:45:00-06:00 Denver,239.9162085703125 kBTU
2018-11-02T00:00:00-06:00 Denver,106.62942603125 kBTU
